1	1	1	1	0
1	1	2	1	624 Sp14
1	1	3	1	502 Sp10
1	1	4	1	624 Sp14
1	1	5	1	502 Sp10
1	1	6	1	624 Sp14
1	1	7	1	502 Sp10
1	1	8	1	238 Sp0
1	1	9	1	92 Sp0
1	1	10	1	238 Sp0
1	1	11	1	92 Sp0
1	1	12	1	238 Sp0
1	1	13	1	92 Sp0
1	1	14	1	Grid Marker
1	1	1	2	0
1	1	2	2	639 Sp21
1	1	3	2	525 Sp21
1	1	4	2	639 Sp21
1	1	5	2	525 Sp21
1	1	6	2	639 Sp21
1	1	7	2	525 Sp21
1	1	8	2	261 Sp0
1	1	9	2	108 Sp8
1	1	10	2	261 Sp0
1	1	11	2	108 Sp8
1	1	12	2	261 Sp0
1	1	13	2	108 Sp8
1	1	14	2	Grid Marker
1	1	1	3	0
1	1	2	3	624 Sp14
1	1	3	3	502 Sp10
1	1	4	3	624 Sp14
1	1	5	3	502 Sp10
1	1	6	3	624 Sp14
1	1	7	3	502 Sp10
1	1	8	3	238 Sp0
1	1	9	3	92 Sp0
1	1	10	3	238 Sp0
1	1	11	3	92 Sp0
1	1	12	3	238 Sp0
1	1	13	3	92 Sp0
1	1	14	3	0
1	1	1	4	0
1	1	2	4	639 Sp21
1	1	3	4	525 Sp21
1	1	4	4	639 Sp21
1	1	5	4	525 Sp21
1	1	6	4	639 Sp21
1	1	7	4	525 Sp21
1	1	8	4	261 Sp0
1	1	9	4	108 Sp8
1	1	10	4	261 Sp0
1	1	11	4	108 Sp8
1	1	12	4	261 Sp0
1	1	13	4	108 Sp8
1	1	14	4	0
1	1	1	5	0
1	1	2	5	0
1	1	3	5	548 Sp10
1	1	4	5	0
1	1	5	5	548 Sp10
1	1	6	5	0
1	1	7	5	548 Sp10
1	1	8	5	298 Sp0
1	1	9	5	129 Sp0
1	1	10	5	298 Sp0
1	1	11	5	129 Sp0
1	1	12	5	298 Sp0
1	1	13	5	129 Sp0
1	1	14	5	0
1	1	1	6	0
1	1	2	6	0
1	1	3	6	571 Sp21
1	1	4	6	0
1	1	5	6	571 Sp21
1	1	6	6	0
1	1	7	6	571 Sp21
1	1	8	6	329 Sp10
1	1	9	6	152 Sp14
1	1	10	6	329 Sp10
1	1	11	6	152 Sp14
1	1	12	6	329 Sp10
1	1	13	6	152 Sp14
1	1	14	6	0
1	1	1	7	0
1	1	2	7	0
1	1	3	7	548 Sp10
1	1	4	7	0
1	1	5	7	548 Sp10
1	1	6	7	0
1	1	7	7	548 Sp10
1	1	8	7	298 Sp0
1	1	9	7	129 Sp0
1	1	10	7	298 Sp0
1	1	11	7	129 Sp0
1	1	12	7	298 Sp0
1	1	13	7	129 Sp0
1	1	14	7	0
1	1	1	8	0
1	1	2	8	0
1	1	3	8	571 Sp21
1	1	4	8	0
1	1	5	8	571 Sp21
1	1	6	8	0
1	1	7	8	571 Sp21
1	1	8	8	329 Sp10
1	1	9	8	152 Sp14
1	1	10	8	329 Sp10
1	1	11	8	152 Sp14
1	1	12	8	329 Sp10
1	1	13	8	152 Sp14
1	1	14	8	0
1	1	1	9	0
1	1	2	9	0
1	1	3	9	594 Sp25
1	1	4	9	0
1	1	5	9	594 Sp25
1	1	6	9	0
1	1	7	9	594 Sp25
1	1	8	9	358 Sp0
1	1	9	9	177 Sp8
1	1	10	9	358 Sp0
1	1	11	9	177 Sp8
1	1	12	9	358 Sp0
1	1	13	9	177 Sp8
1	1	14	9	0
1	1	1	10	Grid Marker
1	1	2	10	0
1	1	3	10	609 Sp19
1	1	4	10	0
1	1	5	10	609 Sp19
1	1	6	10	0
1	1	7	10	609 Sp19
1	1	8	10	383 Sp14
1	1	9	10	208 Sp0
1	1	10	10	383 Sp14
1	1	11	10	208 Sp0
1	1	12	10	383 Sp14
1	1	13	10	208 Sp0
1	1	14	10	0
1	1	1	11	Grid Marker
1	1	2	11	0
1	1	3	11	594 Sp25
1	1	4	11	0
1	1	5	11	594 Sp25
1	1	6	11	0
1	1	7	11	594 Sp25
1	1	8	11	358 Sp0
1	1	9	11	177 Sp8
1	1	10	11	358 Sp0
1	1	11	11	177 Sp8
1	1	12	11	358 Sp0
1	1	13	11	177 Sp8
1	1	14	11	0
1	1	1	12	Grid Marker
1	1	2	12	0
1	1	3	12	609 Sp19
1	1	4	12	0
1	1	5	12	609 Sp19
1	1	6	12	0
1	1	7	12	609 Sp19
1	1	8	12	383 Sp14
1	1	9	12	208 Sp0
1	1	10	12	383 Sp14
1	1	11	12	208 Sp0
1	1	12	12	383 Sp14
1	1	13	12	208 Sp0
1	1	14	12	0
1	2	1	1	0
1	2	2	1	625 Sp14
1	2	3	1	503 Sp14
1	2	4	1	625 Sp14
1	2	5	1	503 Sp14
1	2	6	1	625 Sp14
1	2	7	1	503 Sp14
1	2	8	1	240 Sp8
1	2	9	1	92 Sp8
1	2	10	1	240 Sp8
1	2	11	1	92 Sp8
1	2	12	1	240 Sp8
1	2	13	1	92 Sp8
1	2	14	1	Grid Marker
1	2	1	2	0
1	2	2	2	640 Sp21
1	2	3	2	526 Sp14
1	2	4	2	640 Sp21
1	2	5	2	526 Sp14
1	2	6	2	640 Sp21
1	2	7	2	526 Sp14
1	2	8	2	261 Sp8
1	2	9	2	109 Sp0
1	2	10	2	261 Sp8
1	2	11	2	109 Sp0
1	2	12	2	261 Sp8
1	2	13	2	109 Sp0
1	2	14	2	Grid Marker
1	2	1	3	0
1	2	2	3	625 Sp14
1	2	3	3	503 Sp14
1	2	4	3	625 Sp14
1	2	5	3	503 Sp14
1	2	6	3	625 Sp14
1	2	7	3	503 Sp14
1	2	8	3	240 Sp8
1	2	9	3	92 Sp8
1	2	10	3	240 Sp8
1	2	11	3	92 Sp8
1	2	12	3	240 Sp8
1	2	13	3	92 Sp8
1	2	14	3	0
1	2	1	4	0
1	2	2	4	640 Sp21
1	2	3	4	526 Sp14
1	2	4	4	640 Sp21
1	2	5	4	526 Sp14
1	2	6	4	640 Sp21
1	2	7	4	526 Sp14
1	2	8	4	261 Sp8
1	2	9	4	109 Sp0
1	2	10	4	261 Sp8
1	2	11	4	109 Sp0
1	2	12	4	261 Sp8
1	2	13	4	109 Sp0
1	2	14	4	0
1	2	1	5	0
1	2	2	5	0
1	2	3	5	549 Sp0
1	2	4	5	0
1	2	5	5	549 Sp0
1	2	6	5	0
1	2	7	5	549 Sp0
1	2	8	5	299 Sp0
1	2	9	5	130 Sp8
1	2	10	5	299 Sp0
1	2	11	5	130 Sp8
1	2	12	5	299 Sp0
1	2	13	5	130 Sp8
1	2	14	5	0
1	2	1	6	0
1	2	2	6	0
1	2	3	6	572 Sp25
1	2	4	6	0
1	2	5	6	572 Sp25
1	2	6	6	0
1	2	7	6	572 Sp25
1	2	8	6	330 Sp10
1	2	9	6	153 Sp0
1	2	10	6	330 Sp10
1	2	11	6	153 Sp0
1	2	12	6	330 Sp10
1	2	13	6	153 Sp0
1	2	14	6	0
1	2	1	7	0
1	2	2	7	0
1	2	3	7	549 Sp0
1	2	4	7	0
1	2	5	7	549 Sp0
1	2	6	7	0
1	2	7	7	549 Sp0
1	2	8	7	299 Sp0
1	2	9	7	130 Sp8
1	2	10	7	299 Sp0
1	2	11	7	130 Sp8
1	2	12	7	299 Sp0
1	2	13	7	130 Sp8
1	2	14	7	0
1	2	1	8	0
1	2	2	8	0
1	2	3	8	572 Sp25
1	2	4	8	0
1	2	5	8	572 Sp25
1	2	6	8	0
1	2	7	8	572 Sp25
1	2	8	8	330 Sp10
1	2	9	8	153 Sp0
1	2	10	8	330 Sp10
1	2	11	8	153 Sp0
1	2	12	8	330 Sp10
1	2	13	8	153 Sp0
1	2	14	8	0
1	2	1	9	0
1	2	2	9	0
1	2	3	9	595 Sp14
1	2	4	9	0
1	2	5	9	595 Sp14
1	2	6	9	0
1	2	7	9	595 Sp14
1	2	8	9	359 Sp14
1	2	9	9	178 Sp8
1	2	10	9	359 Sp14
1	2	11	9	178 Sp8
1	2	12	9	359 Sp14
1	2	13	9	178 Sp8
1	2	14	9	0
1	2	1	10	Grid Marker
1	2	2	10	0
1	2	3	10	610 Sp19
1	2	4	10	0
1	2	5	10	610 Sp19
1	2	6	10	0
1	2	7	10	610 Sp19
1	2	8	10	384 Sp20
1	2	9	10	210 Sp0
1	2	10	10	384 Sp20
1	2	11	10	210 Sp0
1	2	12	10	384 Sp20
1	2	13	10	210 Sp0
1	2	14	10	0
1	2	1	11	Grid Marker
1	2	2	11	0
1	2	3	11	595 Sp14
1	2	4	11	0
1	2	5	11	595 Sp14
1	2	6	11	0
1	2	7	11	595 Sp14
1	2	8	11	359 Sp14
1	2	9	11	178 Sp8
1	2	10	11	359 Sp14
1	2	11	11	178 Sp8
1	2	12	11	359 Sp14
1	2	13	11	178 Sp8
1	2	14	11	0
1	2	1	12	Grid Marker
1	2	2	12	0
1	2	3	12	610 Sp19
1	2	4	12	0
1	2	5	12	610 Sp19
1	2	6	12	0
1	2	7	12	610 Sp19
1	2	8	12	384 Sp20
1	2	9	12	210 Sp0
1	2	10	12	384 Sp20
1	2	11	12	210 Sp0
1	2	12	12	384 Sp20
1	2	13	12	210 Sp0
1	2	14	12	0
1	3	1	1	0
1	3	2	1	632 Sp14
1	3	3	1	514 Sp24
1	3	4	1	632 Sp14
1	3	5	1	514 Sp24
1	3	6	1	632 Sp14
1	3	7	1	514 Sp24
1	3	8	1	251 Sp8
1	3	9	1	100 Sp8
1	3	10	1	251 Sp8
1	3	11	1	100 Sp8
1	3	12	1	251 Sp8
1	3	13	1	100 Sp8
1	3	14	1	Grid Marker
1	3	1	2	0
1	3	2	2	0
1	3	3	2	537 Sp14
1	3	4	2	0
1	3	5	2	537 Sp14
1	3	6	2	0
1	3	7	2	537 Sp14
1	3	8	2	273 Sp8
1	3	9	2	120 Sp8
1	3	10	2	273 Sp8
1	3	11	2	120 Sp8
1	3	12	2	273 Sp8
1	3	13	2	120 Sp8
1	3	14	2	Grid Marker
1	3	1	3	0
1	3	2	3	632 Sp14
1	3	3	3	514 Sp24
1	3	4	3	632 Sp14
1	3	5	3	514 Sp24
1	3	6	3	632 Sp14
1	3	7	3	514 Sp24
1	3	8	3	251 Sp8
1	3	9	3	100 Sp8
1	3	10	3	251 Sp8
1	3	11	3	100 Sp8
1	3	12	3	251 Sp8
1	3	13	3	100 Sp8
1	3	14	3	0
1	3	1	4	0
1	3	2	4	0
1	3	3	4	537 Sp14
1	3	4	4	0
1	3	5	4	537 Sp14
1	3	6	4	0
1	3	7	4	537 Sp14
1	3	8	4	273 Sp8
1	3	9	4	120 Sp8
1	3	10	4	273 Sp8
1	3	11	4	120 Sp8
1	3	12	4	273 Sp8
1	3	13	4	120 Sp8
1	3	14	4	0
1	3	1	5	0
1	3	2	5	0
1	3	3	5	560 Sp0
1	3	4	5	0
1	3	5	5	560 Sp0
1	3	6	5	0
1	3	7	5	560 Sp0
1	3	8	5	314 Sp0
1	3	9	5	140 Sp8
1	3	10	5	314 Sp0
1	3	11	5	140 Sp8
1	3	12	5	314 Sp0
1	3	13	5	140 Sp8
1	3	14	5	0
1	3	1	6	0
1	3	2	6	0
1	3	3	6	579 Sp25
1	3	4	6	0
1	3	5	6	579 Sp25
1	3	6	6	0
1	3	7	6	579 Sp25
1	3	8	6	345 Sp12
1	3	9	6	162 Sp8
1	3	10	6	345 Sp12
1	3	11	6	162 Sp8
1	3	12	6	345 Sp12
1	3	13	6	162 Sp8
1	3	14	6	0
1	3	1	7	0
1	3	2	7	0
1	3	3	7	560 Sp0
1	3	4	7	0
1	3	5	7	560 Sp0
1	3	6	7	0
1	3	7	7	560 Sp0
1	3	8	7	314 Sp0
1	3	9	7	140 Sp8
1	3	10	7	314 Sp0
1	3	11	7	140 Sp8
1	3	12	7	314 Sp0
1	3	13	7	140 Sp8
1	3	14	7	0
1	3	1	8	0
1	3	2	8	0
1	3	3	8	579 Sp25
1	3	4	8	0
1	3	5	8	579 Sp25
1	3	6	8	0
1	3	7	8	579 Sp25
1	3	8	8	345 Sp12
1	3	9	8	162 Sp8
1	3	10	8	345 Sp12
1	3	11	8	162 Sp8
1	3	12	8	345 Sp12
1	3	13	8	162 Sp8
1	3	14	8	0
1	3	1	9	0
1	3	2	9	0
1	3	3	9	602 Sp21
1	3	4	9	0
1	3	5	9	602 Sp21
1	3	6	9	0
1	3	7	9	602 Sp21
1	3	8	9	370 Sp12
1	3	9	9	189 Sp0
1	3	10	9	370 Sp12
1	3	11	9	189 Sp0
1	3	12	9	370 Sp12
1	3	13	9	189 Sp0
1	3	14	9	0
1	3	1	10	Grid Marker
1	3	2	10	0
1	3	3	10	617 Sp24
1	3	4	10	0
1	3	5	10	617 Sp24
1	3	6	10	0
1	3	7	10	617 Sp24
1	3	8	10	395 Sp20
1	3	9	10	227 Sp8
1	3	10	10	395 Sp20
1	3	11	10	227 Sp8
1	3	12	10	395 Sp20
1	3	13	10	227 Sp8
1	3	14	10	0
1	3	1	11	Grid Marker
1	3	2	11	0
1	3	3	11	602 Sp21
1	3	4	11	0
1	3	5	11	602 Sp21
1	3	6	11	0
1	3	7	11	602 Sp21
1	3	8	11	370 Sp12
1	3	9	11	189 Sp0
1	3	10	11	370 Sp12
1	3	11	11	189 Sp0
1	3	12	11	370 Sp12
1	3	13	11	189 Sp0
1	3	14	11	0
1	3	1	12	Grid Marker
1	3	2	12	0
1	3	3	12	617 Sp24
1	3	4	12	0
1	3	5	12	617 Sp24
1	3	6	12	0
1	3	7	12	617 Sp24
1	3	8	12	395 Sp20
1	3	9	12	227 Sp8
1	3	10	12	395 Sp20
1	3	11	12	227 Sp8
1	3	12	12	395 Sp20
1	3	13	12	227 Sp8
1	3	14	12	0
1	4	1	1	0
1	4	2	1	0
1	4	3	1	0
1	4	4	1	0
1	4	5	1	0
1	4	6	1	0
1	4	7	1	0
1	4	8	1	Rat IgM
1	4	9	1	Human IgG
1	4	10	1	Rat IgM
1	4	11	1	Human IgG
1	4	12	1	Rat IgM
1	4	13	1	Human IgG
1	4	14	1	Grid Marker
1	4	1	2	0
1	4	2	2	0
1	4	3	2	0
1	4	4	2	0
1	4	5	2	0
1	4	6	2	0
1	4	7	2	0
1	4	8	2	FLAG
1	4	9	2	Human IgM
1	4	10	2	FLAG
1	4	11	2	Human IgM
1	4	12	2	FLAG
1	4	13	2	Human IgM
1	4	14	2	Grid Marker
1	4	1	3	0
1	4	2	3	0
1	4	3	3	0
1	4	4	3	0
1	4	5	3	0
1	4	6	3	0
1	4	7	3	0
1	4	8	3	Rat IgM
1	4	9	3	Human IgG
1	4	10	3	Rat IgM
1	4	11	3	Human IgG
1	4	12	3	Rat IgM
1	4	13	3	Human IgG
1	4	14	3	0
1	4	1	4	0
1	4	2	4	0
1	4	3	4	0
1	4	4	4	0
1	4	5	4	0
1	4	6	4	0
1	4	7	4	0
1	4	8	4	FLAG
1	4	9	4	Human IgM
1	4	10	4	FLAG
1	4	11	4	Human IgM
1	4	12	4	FLAG
1	4	13	4	Human IgM
1	4	14	4	0
1	4	1	5	0
1	4	2	5	0
1	4	3	5	0
1	4	4	5	0
1	4	5	5	0
1	4	6	5	0
1	4	7	5	0
1	4	8	5	HA
1	4	9	5	Mouse IgG
1	4	10	5	HA
1	4	11	5	Mouse IgG
1	4	12	5	HA
1	4	13	5	Mouse IgG
1	4	14	5	0
1	4	1	6	0
1	4	2	6	0
1	4	3	6	0
1	4	4	6	0
1	4	5	6	0
1	4	6	6	0
1	4	7	6	0
1	4	8	6	Biotin
1	4	9	6	Mouse IgM
1	4	10	6	Biotin
1	4	11	6	Mouse IgM
1	4	12	6	Biotin
1	4	13	6	Mouse IgM
1	4	14	6	0
1	4	1	7	0
1	4	2	7	0
1	4	3	7	0
1	4	4	7	0
1	4	5	7	0
1	4	6	7	0
1	4	7	7	0
1	4	8	7	HA
1	4	9	7	Mouse IgG
1	4	10	7	HA
1	4	11	7	Mouse IgG
1	4	12	7	HA
1	4	13	7	Mouse IgG
1	4	14	7	0
1	4	1	8	0
1	4	2	8	0
1	4	3	8	0
1	4	4	8	0
1	4	5	8	0
1	4	6	8	0
1	4	7	8	0
1	4	8	8	Biotin
1	4	9	8	Mouse IgM
1	4	10	8	Biotin
1	4	11	8	Mouse IgM
1	4	12	8	Biotin
1	4	13	8	Mouse IgM
1	4	14	8	0
1	4	1	9	0
1	4	2	9	0
1	4	3	9	0
1	4	4	9	0
1	4	5	9	0
1	4	6	9	0
1	4	7	9	0
1	4	8	9	His
1	4	9	9	Rabbit IgG
1	4	10	9	His
1	4	11	9	Rabbit IgG
1	4	12	9	His
1	4	13	9	Rabbit IgG
1	4	14	9	0
1	4	1	10	Grid Marker
1	4	2	10	0
1	4	3	10	0
1	4	4	10	0
1	4	5	10	0
1	4	6	10	0
1	4	7	10	0
1	4	8	10	0
1	4	9	10	Rat IgG
1	4	10	10	0
1	4	11	10	Rat IgG
1	4	12	10	0
1	4	13	10	Rat IgG
1	4	14	10	0
1	4	1	11	Grid Marker
1	4	2	11	0
1	4	3	11	0
1	4	4	11	0
1	4	5	11	0
1	4	6	11	0
1	4	7	11	0
1	4	8	11	His
1	4	9	11	Rabbit IgG
1	4	10	11	His
1	4	11	11	Rabbit IgG
1	4	12	11	His
1	4	13	11	Rabbit IgG
1	4	14	11	0
1	4	1	12	Grid Marker
1	4	2	12	0
1	4	3	12	0
1	4	4	12	0
1	4	5	12	0
1	4	6	12	0
1	4	7	12	0
1	4	8	12	0
1	4	9	12	Rat IgG
1	4	10	12	0
1	4	11	12	Rat IgG
1	4	12	12	0
1	4	13	12	Rat IgG
1	4	14	12	0
2	1	1	1	0
2	1	2	1	622 Sp14
2	1	3	1	500 Sp8
2	1	4	1	622 Sp14
2	1	5	1	500 Sp8
2	1	6	1	622 Sp14
2	1	7	1	500 Sp8
2	1	8	1	236 Sp8
2	1	9	1	87 Sp0
2	1	10	1	236 Sp8
2	1	11	1	87 Sp0
2	1	12	1	236 Sp8
2	1	13	1	87 Sp0
2	1	14	1	Grid Marker
2	1	1	2	0
2	1	2	2	637 Sp12
2	1	3	2	523 Sp14
2	1	4	2	637 Sp12
2	1	5	2	523 Sp14
2	1	6	2	637 Sp12
2	1	7	2	523 Sp14
2	1	8	2	259 Sp0
2	1	9	2	107 Sp8
2	1	10	2	259 Sp0
2	1	11	2	107 Sp8
2	1	12	2	259 Sp0
2	1	13	2	107 Sp8
2	1	14	2	Grid Marker
2	1	1	3	0
2	1	2	3	622 Sp14
2	1	3	3	500 Sp8
2	1	4	3	622 Sp14
2	1	5	3	500 Sp8
2	1	6	3	622 Sp14
2	1	7	3	500 Sp8
2	1	8	3	236 Sp8
2	1	9	3	87 Sp0
2	1	10	3	236 Sp8
2	1	11	3	87 Sp0
2	1	12	3	236 Sp8
2	1	13	3	87 Sp0
2	1	14	3	0
2	1	1	4	0
2	1	2	4	637 Sp12
2	1	3	4	523 Sp14
2	1	4	4	637 Sp12
2	1	5	4	523 Sp14
2	1	6	4	637 Sp12
2	1	7	4	523 Sp14
2	1	8	4	259 Sp0
2	1	9	4	107 Sp8
2	1	10	4	259 Sp0
2	1	11	4	107 Sp8
2	1	12	4	259 Sp0
2	1	13	4	107 Sp8
2	1	14	4	0
2	1	1	5	0
2	1	2	5	0
2	1	3	5	546 Sp8
2	1	4	5	0
2	1	5	5	546 Sp8
2	1	6	5	0
2	1	7	5	546 Sp8
2	1	8	5	295 Sp14
2	1	9	5	127 Sp8
2	1	10	5	295 Sp14
2	1	11	5	127 Sp8
2	1	12	5	295 Sp14
2	1	13	5	127 Sp8
2	1	14	5	0
2	1	1	6	0
2	1	2	6	0
2	1	3	6	569 Sp21
2	1	4	6	0
2	1	5	6	569 Sp21
2	1	6	6	0
2	1	7	6	569 Sp21
2	1	8	6	325 Sp12
2	1	9	6	148 Sp8
2	1	10	6	325 Sp12
2	1	11	6	148 Sp8
2	1	12	6	325 Sp12
2	1	13	6	148 Sp8
2	1	14	6	0
2	1	1	7	0
2	1	2	7	0
2	1	3	7	546 Sp8
2	1	4	7	0
2	1	5	7	546 Sp8
2	1	6	7	0
2	1	7	7	546 Sp8
2	1	8	7	295 Sp14
2	1	9	7	127 Sp8
2	1	10	7	295 Sp14
2	1	11	7	127 Sp8
2	1	12	7	295 Sp14
2	1	13	7	127 Sp8
2	1	14	7	0
2	1	1	8	0
2	1	2	8	0
2	1	3	8	569 Sp21
2	1	4	8	0
2	1	5	8	569 Sp21
2	1	6	8	0
2	1	7	8	569 Sp21
2	1	8	8	325 Sp12
2	1	9	8	148 Sp8
2	1	10	8	325 Sp12
2	1	11	8	148 Sp8
2	1	12	8	325 Sp12
2	1	13	8	148 Sp8
2	1	14	8	0
2	1	1	9	0
2	1	2	9	0
2	1	3	9	592 Sp0
2	1	4	9	0
2	1	5	9	592 Sp0
2	1	6	9	0
2	1	7	9	592 Sp0
2	1	8	9	356 Sp0
2	1	9	9	176 Sp8
2	1	10	9	356 Sp0
2	1	11	9	176 Sp8
2	1	12	9	356 Sp0
2	1	13	9	176 Sp8
2	1	14	9	0
2	1	1	10	Grid Marker
2	1	2	10	0
2	1	3	10	607 Sp24
2	1	4	10	0
2	1	5	10	607 Sp24
2	1	6	10	0
2	1	7	10	607 Sp24
2	1	8	10	381 Sp0
2	1	9	10	203 Sp12
2	1	10	10	381 Sp0
2	1	11	10	203 Sp12
2	1	12	10	381 Sp0
2	1	13	10	203 Sp12
2	1	14	10	0
2	1	1	11	Grid Marker
2	1	2	11	0
2	1	3	11	592 Sp0
2	1	4	11	0
2	1	5	11	592 Sp0
2	1	6	11	0
2	1	7	11	592 Sp0
2	1	8	11	356 Sp0
2	1	9	11	176 Sp8
2	1	10	11	356 Sp0
2	1	11	11	176 Sp8
2	1	12	11	356 Sp0
2	1	13	11	176 Sp8
2	1	14	11	0
2	1	1	12	Grid Marker
2	1	2	12	0
2	1	3	12	607 Sp24
2	1	4	12	0
2	1	5	12	607 Sp24
2	1	6	12	0
2	1	7	12	607 Sp24
2	1	8	12	381 Sp0
2	1	9	12	203 Sp12
2	1	10	12	381 Sp0
2	1	11	12	203 Sp12
2	1	12	12	381 Sp0
2	1	13	12	203 Sp12
2	1	14	12	0
2	2	1	1	0
2	2	2	1	623 Sp14
2	2	3	1	501 Sp10
2	2	4	1	623 Sp14
2	2	5	1	501 Sp10
2	2	6	1	623 Sp14
2	2	7	1	501 Sp10
2	2	8	1	237 Sp8
2	2	9	1	90 Sp0
2	2	10	1	237 Sp8
2	2	11	1	90 Sp0
2	2	12	1	237 Sp8
2	2	13	1	90 Sp0
2	2	14	1	Grid Marker
2	2	1	2	0
2	2	2	2	638 Sp12
2	2	3	2	524 Sp0
2	2	4	2	638 Sp12
2	2	5	2	524 Sp0
2	2	6	2	638 Sp12
2	2	7	2	524 Sp0
2	2	8	2	260 Sp0
2	2	9	2	108 Sp0
2	2	10	2	260 Sp0
2	2	11	2	108 Sp0
2	2	12	2	260 Sp0
2	2	13	2	108 Sp0
2	2	14	2	Grid Marker
2	2	1	3	0
2	2	2	3	623 Sp14
2	2	3	3	501 Sp10
2	2	4	3	623 Sp14
2	2	5	3	501 Sp10
2	2	6	3	623 Sp14
2	2	7	3	501 Sp10
2	2	8	3	237 Sp8
2	2	9	3	90 Sp0
2	2	10	3	237 Sp8
2	2	11	3	90 Sp0
2	2	12	3	237 Sp8
2	2	13	3	90 Sp0
2	2	14	3	0
2	2	1	4	0
2	2	2	4	638 Sp12
2	2	3	4	524 Sp0
2	2	4	4	638 Sp12
2	2	5	4	524 Sp0
2	2	6	4	638 Sp12
2	2	7	4	524 Sp0
2	2	8	4	260 Sp0
2	2	9	4	108 Sp0
2	2	10	4	260 Sp0
2	2	11	4	108 Sp0
2	2	12	4	260 Sp0
2	2	13	4	108 Sp0
2	2	14	4	0
2	2	1	5	0
2	2	2	5	0
2	2	3	5	547 Sp8
2	2	4	5	0
2	2	5	5	547 Sp8
2	2	6	5	0
2	2	7	5	547 Sp8
2	2	8	5	297 Sp0
2	2	9	5	128 Sp0
2	2	10	5	297 Sp0
2	2	11	5	128 Sp0
2	2	12	5	297 Sp0
2	2	13	5	128 Sp0
2	2	14	5	0
2	2	1	6	0
2	2	2	6	0
2	2	3	6	570 Sp21
2	2	4	6	0
2	2	5	6	570 Sp21
2	2	6	6	0
2	2	7	6	570 Sp21
2	2	8	6	327 Sp10
2	2	9	6	152 Sp8
2	2	10	6	327 Sp10
2	2	11	6	152 Sp8
2	2	12	6	327 Sp10
2	2	13	6	152 Sp8
2	2	14	6	0
2	2	1	7	0
2	2	2	7	0
2	2	3	7	547 Sp8
2	2	4	7	0
2	2	5	7	547 Sp8
2	2	6	7	0
2	2	7	7	547 Sp8
2	2	8	7	297 Sp0
2	2	9	7	128 Sp0
2	2	10	7	297 Sp0
2	2	11	7	128 Sp0
2	2	12	7	297 Sp0
2	2	13	7	128 Sp0
2	2	14	7	0
2	2	1	8	0
2	2	2	8	0
2	2	3	8	570 Sp21
2	2	4	8	0
2	2	5	8	570 Sp21
2	2	6	8	0
2	2	7	8	570 Sp21
2	2	8	8	327 Sp10
2	2	9	8	152 Sp8
2	2	10	8	327 Sp10
2	2	11	8	152 Sp8
2	2	12	8	327 Sp10
2	2	13	8	152 Sp8
2	2	14	8	0
2	2	1	9	0
2	2	2	9	0
2	2	3	9	593 Sp25
2	2	4	9	0
2	2	5	9	593 Sp25
2	2	6	9	0
2	2	7	9	593 Sp25
2	2	8	9	357 Sp0
2	2	9	9	176 Sp14
2	2	10	9	357 Sp0
2	2	11	9	176 Sp14
2	2	12	9	357 Sp0
2	2	13	9	176 Sp14
2	2	14	9	0
2	2	1	10	Grid Marker
2	2	2	10	0
2	2	3	10	608 Sp24
2	2	4	10	0
2	2	5	10	608 Sp24
2	2	6	10	0
2	2	7	10	608 Sp24
2	2	8	10	382 Sp0
2	2	9	10	205 Sp12
2	2	10	10	382 Sp0
2	2	11	10	205 Sp12
2	2	12	10	382 Sp0
2	2	13	10	205 Sp12
2	2	14	10	0
2	2	1	11	Grid Marker
2	2	2	11	0
2	2	3	11	593 Sp25
2	2	4	11	0
2	2	5	11	593 Sp25
2	2	6	11	0
2	2	7	11	593 Sp25
2	2	8	11	357 Sp0
2	2	9	11	176 Sp14
2	2	10	11	357 Sp0
2	2	11	11	176 Sp14
2	2	12	11	357 Sp0
2	2	13	11	176 Sp14
2	2	14	11	0
2	2	1	12	Grid Marker
2	2	2	12	0
2	2	3	12	608 Sp24
2	2	4	12	0
2	2	5	12	608 Sp24
2	2	6	12	0
2	2	7	12	608 Sp24
2	2	8	12	382 Sp0
2	2	9	12	205 Sp12
2	2	10	12	382 Sp0
2	2	11	12	205 Sp12
2	2	12	12	382 Sp0
2	2	13	12	205 Sp12
2	2	14	12	0
2	3	1	1	0
2	3	2	1	630 Sp14
2	3	3	1	512 Sp14
2	3	4	1	630 Sp14
2	3	5	1	512 Sp14
2	3	6	1	630 Sp14
2	3	7	1	512 Sp14
2	3	8	1	249 Sp8
2	3	9	1	98 Sp18
2	3	10	1	249 Sp8
2	3	11	1	98 Sp18
2	3	12	1	249 Sp8
2	3	13	1	98 Sp18
2	3	14	1	Grid Marker
2	3	1	2	0
2	3	2	2	0
2	3	3	2	535 Sp8
2	3	4	2	0
2	3	5	2	535 Sp8
2	3	6	2	0
2	3	7	2	535 Sp8
2	3	8	2	271 Sp8
2	3	9	2	119 Sp8
2	3	10	2	271 Sp8
2	3	11	2	119 Sp8
2	3	12	2	271 Sp8
2	3	13	2	119 Sp8
2	3	14	2	Grid Marker
2	3	1	3	0
2	3	2	3	630 Sp14
2	3	3	3	512 Sp14
2	3	4	3	630 Sp14
2	3	5	3	512 Sp14
2	3	6	3	630 Sp14
2	3	7	3	512 Sp14
2	3	8	3	249 Sp8
2	3	9	3	98 Sp18
2	3	10	3	249 Sp8
2	3	11	3	98 Sp18
2	3	12	3	249 Sp8
2	3	13	3	98 Sp18
2	3	14	3	0
2	3	1	4	0
2	3	2	4	0
2	3	3	4	535 Sp8
2	3	4	4	0
2	3	5	4	535 Sp8
2	3	6	4	0
2	3	7	4	535 Sp8
2	3	8	4	271 Sp8
2	3	9	4	119 Sp8
2	3	10	4	271 Sp8
2	3	11	4	119 Sp8
2	3	12	4	271 Sp8
2	3	13	4	119 Sp8
2	3	14	4	0
2	3	1	5	0
2	3	2	5	0
2	3	3	5	558 Sp0
2	3	4	5	0
2	3	5	5	558 Sp0
2	3	6	5	0
2	3	7	5	558 Sp0
2	3	8	5	312 Sp8
2	3	9	5	138 Sp0
2	3	10	5	312 Sp8
2	3	11	5	138 Sp0
2	3	12	5	312 Sp8
2	3	13	5	138 Sp0
2	3	14	5	0
2	3	1	6	0
2	3	2	6	0
2	3	3	6	577 Sp12
2	3	4	6	0
2	3	5	6	577 Sp12
2	3	6	6	0
2	3	7	6	577 Sp12
2	3	8	6	342 Sp8
2	3	9	6	159 Sp14
2	3	10	6	342 Sp8
2	3	11	6	159 Sp14
2	3	12	6	342 Sp8
2	3	13	6	159 Sp14
2	3	14	6	0
2	3	1	7	0
2	3	2	7	0
2	3	3	7	558 Sp0
2	3	4	7	0
2	3	5	7	558 Sp0
2	3	6	7	0
2	3	7	7	558 Sp0
2	3	8	7	312 Sp8
2	3	9	7	138 Sp0
2	3	10	7	312 Sp8
2	3	11	7	138 Sp0
2	3	12	7	312 Sp8
2	3	13	7	138 Sp0
2	3	14	7	0
2	3	1	8	0
2	3	2	8	0
2	3	3	8	577 Sp12
2	3	4	8	0
2	3	5	8	577 Sp12
2	3	6	8	0
2	3	7	8	577 Sp12
2	3	8	8	342 Sp8
2	3	9	8	159 Sp14
2	3	10	8	342 Sp8
2	3	11	8	159 Sp14
2	3	12	8	342 Sp8
2	3	13	8	159 Sp14
2	3	14	8	0
2	3	1	9	0
2	3	2	9	0
2	3	3	9	600 Sp24
2	3	4	9	0
2	3	5	9	600 Sp24
2	3	6	9	0
2	3	7	9	600 Sp24
2	3	8	9	368 Sp12
2	3	9	9	187 Sp8
2	3	10	9	368 Sp12
2	3	11	9	187 Sp8
2	3	12	9	368 Sp12
2	3	13	9	187 Sp8
2	3	14	9	0
2	3	1	10	Grid Marker
2	3	2	10	0
2	3	3	10	615 Sp24
2	3	4	10	0
2	3	5	10	615 Sp24
2	3	6	10	0
2	3	7	10	615 Sp24
2	3	8	10	393 Sp21
2	3	9	10	224 Sp0
2	3	10	10	393 Sp21
2	3	11	10	224 Sp0
2	3	12	10	393 Sp21
2	3	13	10	224 Sp0
2	3	14	10	0
2	3	1	11	Grid Marker
2	3	2	11	0
2	3	3	11	600 Sp24
2	3	4	11	0
2	3	5	11	600 Sp24
2	3	6	11	0
2	3	7	11	600 Sp24
2	3	8	11	368 Sp12
2	3	9	11	187 Sp8
2	3	10	11	368 Sp12
2	3	11	11	187 Sp8
2	3	12	11	368 Sp12
2	3	13	11	187 Sp8
2	3	14	11	0
2	3	1	12	Grid Marker
2	3	2	12	0
2	3	3	12	615 Sp24
2	3	4	12	0
2	3	5	12	615 Sp24
2	3	6	12	0
2	3	7	12	615 Sp24
2	3	8	12	393 Sp21
2	3	9	12	224 Sp0
2	3	10	12	393 Sp21
2	3	11	12	224 Sp0
2	3	12	12	393 Sp21
2	3	13	12	224 Sp0
2	3	14	12	0
2	4	1	1	0
2	4	2	1	631 Sp14
2	4	3	1	513 Sp14
2	4	4	1	631 Sp14
2	4	5	1	513 Sp14
2	4	6	1	631 Sp14
2	4	7	1	513 Sp14
2	4	8	1	250 Sp8
2	4	9	1	99 Sp8
2	4	10	1	250 Sp8
2	4	11	1	99 Sp8
2	4	12	1	250 Sp8
2	4	13	1	99 Sp8
2	4	14	1	Grid Marker
2	4	1	2	0
2	4	2	2	0
2	4	3	2	536 Sp8
2	4	4	2	0
2	4	5	2	536 Sp8
2	4	6	2	0
2	4	7	2	536 Sp8
2	4	8	2	272 Sp8
2	4	9	2	119 Sp14
2	4	10	2	272 Sp8
2	4	11	2	119 Sp14
2	4	12	2	272 Sp8
2	4	13	2	119 Sp14
2	4	14	2	Grid Marker
2	4	1	3	0
2	4	2	3	631 Sp14
2	4	3	3	513 Sp14
2	4	4	3	631 Sp14
2	4	5	3	513 Sp14
2	4	6	3	631 Sp14
2	4	7	3	513 Sp14
2	4	8	3	250 Sp8
2	4	9	3	99 Sp8
2	4	10	3	250 Sp8
2	4	11	3	99 Sp8
2	4	12	3	250 Sp8
2	4	13	3	99 Sp8
2	4	14	3	0
2	4	1	4	0
2	4	2	4	0
2	4	3	4	536 Sp8
2	4	4	4	0
2	4	5	4	536 Sp8
2	4	6	4	0
2	4	7	4	536 Sp8
2	4	8	4	272 Sp8
2	4	9	4	119 Sp14
2	4	10	4	272 Sp8
2	4	11	4	119 Sp14
2	4	12	4	272 Sp8
2	4	13	4	119 Sp14
2	4	14	4	0
2	4	1	5	0
2	4	2	5	0
2	4	3	5	559 Sp0
2	4	4	5	0
2	4	5	5	559 Sp0
2	4	6	5	0
2	4	7	5	559 Sp0
2	4	8	5	313 Sp12
2	4	9	5	140 Sp0
2	4	10	5	313 Sp12
2	4	11	5	140 Sp0
2	4	12	5	313 Sp12
2	4	13	5	140 Sp0
2	4	14	5	0
2	4	1	6	0
2	4	2	6	0
2	4	3	6	578 Sp25
2	4	4	6	0
2	4	5	6	578 Sp25
2	4	6	6	0
2	4	7	6	578 Sp25
2	4	8	6	343 Sp19
2	4	9	6	161 Sp8
2	4	10	6	343 Sp19
2	4	11	6	161 Sp8
2	4	12	6	343 Sp19
2	4	13	6	161 Sp8
2	4	14	6	0
2	4	1	7	0
2	4	2	7	0
2	4	3	7	559 Sp0
2	4	4	7	0
2	4	5	7	559 Sp0
2	4	6	7	0
2	4	7	7	559 Sp0
2	4	8	7	313 Sp12
2	4	9	7	140 Sp0
2	4	10	7	313 Sp12
2	4	11	7	140 Sp0
2	4	12	7	313 Sp12
2	4	13	7	140 Sp0
2	4	14	7	0
2	4	1	8	0
2	4	2	8	0
2	4	3	8	578 Sp25
2	4	4	8	0
2	4	5	8	578 Sp25
2	4	6	8	0
2	4	7	8	578 Sp25
2	4	8	8	343 Sp19
2	4	9	8	161 Sp8
2	4	10	8	343 Sp19
2	4	11	8	161 Sp8
2	4	12	8	343 Sp19
2	4	13	8	161 Sp8
2	4	14	8	0
2	4	1	9	0
2	4	2	9	0
2	4	3	9	601 Sp24
2	4	4	9	0
2	4	5	9	601 Sp24
2	4	6	9	0
2	4	7	9	601 Sp24
2	4	8	9	369 Sp12
2	4	9	9	188 Sp0
2	4	10	9	369 Sp12
2	4	11	9	188 Sp0
2	4	12	9	369 Sp12
2	4	13	9	188 Sp0
2	4	14	9	0
2	4	1	10	Grid Marker
2	4	2	10	0
2	4	3	10	616 Sp24
2	4	4	10	0
2	4	5	10	616 Sp24
2	4	6	10	0
2	4	7	10	616 Sp24
2	4	8	10	394 Sp20
2	4	9	10	225 Sp0
2	4	10	10	394 Sp20
2	4	11	10	225 Sp0
2	4	12	10	394 Sp20
2	4	13	10	225 Sp0
2	4	14	10	0
2	4	1	11	Grid Marker
2	4	2	11	0
2	4	3	11	601 Sp24
2	4	4	11	0
2	4	5	11	601 Sp24
2	4	6	11	0
2	4	7	11	601 Sp24
2	4	8	11	369 Sp12
2	4	9	11	188 Sp0
2	4	10	11	369 Sp12
2	4	11	11	188 Sp0
2	4	12	11	369 Sp12
2	4	13	11	188 Sp0
2	4	14	11	0
2	4	1	12	Grid Marker
2	4	2	12	0
2	4	3	12	616 Sp24
2	4	4	12	0
2	4	5	12	616 Sp24
2	4	6	12	0
2	4	7	12	616 Sp24
2	4	8	12	394 Sp20
2	4	9	12	225 Sp0
2	4	10	12	394 Sp20
2	4	11	12	225 Sp0
2	4	12	12	394 Sp20
2	4	13	12	225 Sp0
2	4	14	12	0
3	1	1	1	0
3	1	2	1	620 Sp14
3	1	3	1	406 Sp0
3	1	4	1	620 Sp14
3	1	5	1	406 Sp0
3	1	6	1	620 Sp14
3	1	7	1	406 Sp0
3	1	8	1	234 Sp8
3	1	9	1	14 Sp8
3	1	10	1	234 Sp8
3	1	11	1	14 Sp8
3	1	12	1	234 Sp8
3	1	13	1	14 Sp8
3	1	14	1	Grid Marker
3	1	1	2	0
3	1	2	2	635 Sp14
3	1	3	2	430 Sp0
3	1	4	2	635 Sp14
3	1	5	2	430 Sp0
3	1	6	2	635 Sp14
3	1	7	2	430 Sp0
3	1	8	2	258 Sp0
3	1	9	2	33 Sp8
3	1	10	2	258 Sp0
3	1	11	2	33 Sp8
3	1	12	2	258 Sp0
3	1	13	2	33 Sp8
3	1	14	2	Grid Marker
3	1	1	3	0
3	1	2	3	620 Sp14
3	1	3	3	406 Sp0
3	1	4	3	620 Sp14
3	1	5	3	406 Sp0
3	1	6	3	620 Sp14
3	1	7	3	406 Sp0
3	1	8	3	234 Sp8
3	1	9	3	14 Sp8
3	1	10	3	234 Sp8
3	1	11	3	14 Sp8
3	1	12	3	234 Sp8
3	1	13	3	14 Sp8
3	1	14	3	0
3	1	1	4	0
3	1	2	4	635 Sp14
3	1	3	4	430 Sp0
3	1	4	4	635 Sp14
3	1	5	4	430 Sp0
3	1	6	4	635 Sp14
3	1	7	4	430 Sp0
3	1	8	4	258 Sp0
3	1	9	4	33 Sp8
3	1	10	4	258 Sp0
3	1	11	4	33 Sp8
3	1	12	4	258 Sp0
3	1	13	4	33 Sp8
3	1	14	4	0
3	1	1	5	0
3	1	2	5	0
3	1	3	5	455 Sp21
3	1	4	5	0
3	1	5	5	455 Sp21
3	1	6	5	0
3	1	7	5	455 Sp21
3	1	8	5	286 Sp0
3	1	9	5	52 Sp9
3	1	10	5	286 Sp0
3	1	11	5	52 Sp9
3	1	12	5	286 Sp0
3	1	13	5	52 Sp9
3	1	14	5	0
3	1	1	6	0
3	1	2	6	0
3	1	3	6	483 Sp22
3	1	4	6	0
3	1	5	6	483 Sp22
3	1	6	6	0
3	1	7	6	483 Sp22
3	1	8	6	324 Sp10
3	1	9	6	74 Sp0
3	1	10	6	324 Sp10
3	1	11	6	74 Sp0
3	1	12	6	324 Sp10
3	1	13	6	74 Sp0
3	1	14	6	0
3	1	1	7	0
3	1	2	7	0
3	1	3	7	455 Sp21
3	1	4	7	0
3	1	5	7	455 Sp21
3	1	6	7	0
3	1	7	7	455 Sp21
3	1	8	7	286 Sp0
3	1	9	7	52 Sp9
3	1	10	7	286 Sp0
3	1	11	7	52 Sp9
3	1	12	7	286 Sp0
3	1	13	7	52 Sp9
3	1	14	7	0
3	1	1	8	0
3	1	2	8	0
3	1	3	8	483 Sp22
3	1	4	8	0
3	1	5	8	483 Sp22
3	1	6	8	0
3	1	7	8	483 Sp22
3	1	8	8	324 Sp10
3	1	9	8	74 Sp0
3	1	10	8	324 Sp10
3	1	11	8	74 Sp0
3	1	12	8	324 Sp10
3	1	13	8	74 Sp0
3	1	14	8	0
3	1	1	9	0
3	1	2	9	0
3	1	3	9	590 Sp14
3	1	4	9	0
3	1	5	9	590 Sp14
3	1	6	9	0
3	1	7	9	590 Sp14
3	1	8	9	354 Sp0
3	1	9	9	171 Sp8
3	1	10	9	354 Sp0
3	1	11	9	171 Sp8
3	1	12	9	354 Sp0
3	1	13	9	171 Sp8
3	1	14	9	0
3	1	1	10	Grid Marker
3	1	2	10	0
3	1	3	10	605 Sp24
3	1	4	10	0
3	1	5	10	605 Sp24
3	1	6	10	0
3	1	7	10	605 Sp24
3	1	8	10	379 Sp0
3	1	9	10	199 Sp9
3	1	10	10	379 Sp0
3	1	11	10	199 Sp9
3	1	12	10	379 Sp0
3	1	13	10	199 Sp9
3	1	14	10	0
3	1	1	11	Grid Marker
3	1	2	11	0
3	1	3	11	590 Sp14
3	1	4	11	0
3	1	5	11	590 Sp14
3	1	6	11	0
3	1	7	11	590 Sp14
3	1	8	11	354 Sp0
3	1	9	11	171 Sp8
3	1	10	11	354 Sp0
3	1	11	11	171 Sp8
3	1	12	11	354 Sp0
3	1	13	11	171 Sp8
3	1	14	11	0
3	1	1	12	Grid Marker
3	1	2	12	0
3	1	3	12	605 Sp24
3	1	4	12	0
3	1	5	12	605 Sp24
3	1	6	12	0
3	1	7	12	605 Sp24
3	1	8	12	379 Sp0
3	1	9	12	199 Sp9
3	1	10	12	379 Sp0
3	1	11	12	199 Sp9
3	1	12	12	379 Sp0
3	1	13	12	199 Sp9
3	1	14	12	0
3	2	1	1	0
3	2	2	1	621 Sp14
3	2	3	1	407 Sp21
3	2	4	1	621 Sp14
3	2	5	1	407 Sp21
3	2	6	1	621 Sp14
3	2	7	1	407 Sp21
3	2	8	1	235 Sp0
3	2	9	1	15 Sp8
3	2	10	1	235 Sp0
3	2	11	1	15 Sp8
3	2	12	1	235 Sp0
3	2	13	1	15 Sp8
3	2	14	1	Grid Marker
3	2	1	2	0
3	2	2	2	636 Sp12
3	2	3	2	431 Sp0
3	2	4	2	636 Sp12
3	2	5	2	431 Sp0
3	2	6	2	636 Sp12
3	2	7	2	431 Sp0
3	2	8	2	258 Sp8
3	2	9	2	34 Sp0
3	2	10	2	258 Sp8
3	2	11	2	34 Sp0
3	2	12	2	258 Sp8
3	2	13	2	34 Sp0
3	2	14	2	Grid Marker
3	2	1	3	0
3	2	2	3	621 Sp14
3	2	3	3	407 Sp21
3	2	4	3	621 Sp14
3	2	5	3	407 Sp21
3	2	6	3	621 Sp14
3	2	7	3	407 Sp21
3	2	8	3	235 Sp0
3	2	9	3	15 Sp8
3	2	10	3	235 Sp0
3	2	11	3	15 Sp8
3	2	12	3	235 Sp0
3	2	13	3	15 Sp8
3	2	14	3	0
3	2	1	4	0
3	2	2	4	636 Sp12
3	2	3	4	431 Sp0
3	2	4	4	636 Sp12
3	2	5	4	431 Sp0
3	2	6	4	636 Sp12
3	2	7	4	431 Sp0
3	2	8	4	258 Sp8
3	2	9	4	34 Sp0
3	2	10	4	258 Sp8
3	2	11	4	34 Sp0
3	2	12	4	258 Sp8
3	2	13	4	34 Sp0
3	2	14	4	0
3	2	1	5	0
3	2	2	5	0
3	2	3	5	456 Sp21
3	2	4	5	0
3	2	5	5	456 Sp21
3	2	6	5	0
3	2	7	5	456 Sp21
3	2	8	5	287 Sp8
3	2	9	5	53 Sp9
3	2	10	5	287 Sp8
3	2	11	5	53 Sp9
3	2	12	5	287 Sp8
3	2	13	5	53 Sp9
3	2	14	5	0
3	2	1	6	0
3	2	2	6	0
3	2	3	6	484 Sp22
3	2	4	6	0
3	2	5	6	484 Sp22
3	2	6	6	0
3	2	7	6	484 Sp22
3	2	8	6	325 Sp10
3	2	9	6	75 Sp0
3	2	10	6	325 Sp10
3	2	11	6	75 Sp0
3	2	12	6	325 Sp10
3	2	13	6	75 Sp0
3	2	14	6	0
3	2	1	7	0
3	2	2	7	0
3	2	3	7	456 Sp21
3	2	4	7	0
3	2	5	7	456 Sp21
3	2	6	7	0
3	2	7	7	456 Sp21
3	2	8	7	287 Sp8
3	2	9	7	53 Sp9
3	2	10	7	287 Sp8
3	2	11	7	53 Sp9
3	2	12	7	287 Sp8
3	2	13	7	53 Sp9
3	2	14	7	0
3	2	1	8	0
3	2	2	8	0
3	2	3	8	484 Sp22
3	2	4	8	0
3	2	5	8	484 Sp22
3	2	6	8	0
3	2	7	8	484 Sp22
3	2	8	8	325 Sp10
3	2	9	8	75 Sp0
3	2	10	8	325 Sp10
3	2	11	8	75 Sp0
3	2	12	8	325 Sp10
3	2	13	8	75 Sp0
3	2	14	8	0
3	2	1	9	0
3	2	2	9	0
3	2	3	9	591 Sp0
3	2	4	9	0
3	2	5	9	591 Sp0
3	2	6	9	0
3	2	7	9	591 Sp0
3	2	8	9	355 Sp0
3	2	9	9	173 Sp8
3	2	10	9	355 Sp0
3	2	11	9	173 Sp8
3	2	12	9	355 Sp0
3	2	13	9	173 Sp8
3	2	14	9	0
3	2	1	10	Grid Marker
3	2	2	10	0
3	2	3	10	606 Sp24
3	2	4	10	0
3	2	5	10	606 Sp24
3	2	6	10	0
3	2	7	10	606 Sp24
3	2	8	10	380 Sp0
3	2	9	10	200 Sp9
3	2	10	10	380 Sp0
3	2	11	10	200 Sp9
3	2	12	10	380 Sp0
3	2	13	10	200 Sp9
3	2	14	10	0
3	2	1	11	Grid Marker
3	2	2	11	0
3	2	3	11	591 Sp0
3	2	4	11	0
3	2	5	11	591 Sp0
3	2	6	11	0
3	2	7	11	591 Sp0
3	2	8	11	355 Sp0
3	2	9	11	173 Sp8
3	2	10	11	355 Sp0
3	2	11	11	173 Sp8
3	2	12	11	355 Sp0
3	2	13	11	173 Sp8
3	2	14	11	0
3	2	1	12	Grid Marker
3	2	2	12	0
3	2	3	12	606 Sp24
3	2	4	12	0
3	2	5	12	606 Sp24
3	2	6	12	0
3	2	7	12	606 Sp24
3	2	8	12	380 Sp0
3	2	9	12	200 Sp9
3	2	10	12	380 Sp0
3	2	11	12	200 Sp9
3	2	12	12	380 Sp0
3	2	13	12	200 Sp9
3	2	14	12	0
3	3	1	1	0
3	3	2	1	628 Sp14
3	3	3	1	418 Sp19
3	3	4	1	628 Sp14
3	3	5	1	418 Sp19
3	3	6	1	628 Sp14
3	3	7	1	418 Sp19
3	3	8	1	248 Sp0
3	3	9	1	24 Sp0
3	3	10	1	248 Sp0
3	3	11	1	24 Sp0
3	3	12	1	248 Sp0
3	3	13	1	24 Sp0
3	3	14	1	Grid Marker
3	3	1	2	0
3	3	2	2	0
3	3	3	2	443 Sp14
3	3	4	2	0
3	3	5	2	443 Sp14
3	3	6	2	0
3	3	7	2	443 Sp14
3	3	8	2	270 Sp0
3	3	9	2	44 Sp8
3	3	10	2	270 Sp0
3	3	11	2	44 Sp8
3	3	12	2	270 Sp0
3	3	13	2	44 Sp8
3	3	14	2	Grid Marker
3	3	1	3	0
3	3	2	3	628 Sp14
3	3	3	3	418 Sp19
3	3	4	3	628 Sp14
3	3	5	3	418 Sp19
3	3	6	3	628 Sp14
3	3	7	3	418 Sp19
3	3	8	3	248 Sp0
3	3	9	3	24 Sp0
3	3	10	3	248 Sp0
3	3	11	3	24 Sp0
3	3	12	3	248 Sp0
3	3	13	3	24 Sp0
3	3	14	3	0
3	3	1	4	0
3	3	2	4	0
3	3	3	4	443 Sp14
3	3	4	4	0
3	3	5	4	443 Sp14
3	3	6	4	0
3	3	7	4	443 Sp14
3	3	8	4	270 Sp0
3	3	9	4	44 Sp8
3	3	10	4	270 Sp0
3	3	11	4	44 Sp8
3	3	12	4	270 Sp0
3	3	13	4	44 Sp8
3	3	14	4	0
3	3	1	5	0
3	3	2	5	0
3	3	3	5	468 Sp8
3	3	4	5	0
3	3	5	5	468 Sp8
3	3	6	5	0
3	3	7	5	468 Sp8
3	3	8	5	307 Sp10
3	3	9	5	62 Sp0
3	3	10	5	307 Sp10
3	3	11	5	62 Sp0
3	3	12	5	307 Sp10
3	3	13	5	62 Sp0
3	3	14	5	0
3	3	1	6	0
3	3	2	6	0
3	3	3	6	496Sp21
3	3	4	6	0
3	3	5	6	496Sp21
3	3	6	6	0
3	3	7	6	496Sp21
3	3	8	6	340 Sp17
3	3	9	6	85 Sp8
3	3	10	6	340 Sp17
3	3	11	6	85 Sp8
3	3	12	6	340 Sp17
3	3	13	6	85 Sp8
3	3	14	6	0
3	3	1	7	0
3	3	2	7	0
3	3	3	7	468 Sp8
3	3	4	7	0
3	3	5	7	468 Sp8
3	3	6	7	0
3	3	7	7	468 Sp8
3	3	8	7	307 Sp10
3	3	9	7	62 Sp0
3	3	10	7	307 Sp10
3	3	11	7	62 Sp0
3	3	12	7	307 Sp10
3	3	13	7	62 Sp0
3	3	14	7	0
3	3	1	8	0
3	3	2	8	0
3	3	3	8	496Sp21
3	3	4	8	0
3	3	5	8	496Sp21
3	3	6	8	0
3	3	7	8	496Sp21
3	3	8	8	340 Sp17
3	3	9	8	85 Sp8
3	3	10	8	340 Sp17
3	3	11	8	85 Sp8
3	3	12	8	340 Sp17
3	3	13	8	85 Sp8
3	3	14	8	0
3	3	1	9	0
3	3	2	9	0
3	3	3	9	598 Sp0
3	3	4	9	0
3	3	5	9	598 Sp0
3	3	6	9	0
3	3	7	9	598 Sp0
3	3	8	9	366 Sp14
3	3	9	9	185 Sp8
3	3	10	9	366 Sp14
3	3	11	9	185 Sp8
3	3	12	9	366 Sp14
3	3	13	9	185 Sp8
3	3	14	9	0
3	3	1	10	Grid Marker
3	3	2	10	0
3	3	3	10	613 Sp24
3	3	4	10	0
3	3	5	10	613 Sp24
3	3	6	10	0
3	3	7	10	613 Sp24
3	3	8	10	391 Sp21
3	3	9	10	221 Sp0
3	3	10	10	391 Sp21
3	3	11	10	221 Sp0
3	3	12	10	391 Sp21
3	3	13	10	221 Sp0
3	3	14	10	0
3	3	1	11	Grid Marker
3	3	2	11	0
3	3	3	11	598 Sp0
3	3	4	11	0
3	3	5	11	598 Sp0
3	3	6	11	0
3	3	7	11	598 Sp0
3	3	8	11	366 Sp14
3	3	9	11	185 Sp8
3	3	10	11	366 Sp14
3	3	11	11	185 Sp8
3	3	12	11	366 Sp14
3	3	13	11	185 Sp8
3	3	14	11	0
3	3	1	12	Grid Marker
3	3	2	12	0
3	3	3	12	613 Sp24
3	3	4	12	0
3	3	5	12	613 Sp24
3	3	6	12	0
3	3	7	12	613 Sp24
3	3	8	12	391 Sp21
3	3	9	12	221 Sp0
3	3	10	12	391 Sp21
3	3	11	12	221 Sp0
3	3	12	12	391 Sp21
3	3	13	12	221 Sp0
3	3	14	12	0
3	4	1	1	0
3	4	2	1	0
3	4	3	1	419 Sp19
3	4	4	1	0
3	4	5	1	419 Sp19
3	4	6	1	0
3	4	7	1	419 Sp19
3	4	8	1	249 Sp0
3	4	9	1	25 Sp0
3	4	10	1	249 Sp0
3	4	11	1	25 Sp0
3	4	12	1	249 Sp0
3	4	13	1	25 Sp0
3	4	14	1	Grid Marker
3	4	1	2	0
3	4	2	2	0
3	4	3	2	444 Sp22
3	4	4	2	0
3	4	5	2	444 Sp22
3	4	6	2	0
3	4	7	2	444 Sp22
3	4	8	2	271 Sp0
3	4	9	2	46 Sp8
3	4	10	2	271 Sp0
3	4	11	2	46 Sp8
3	4	12	2	271 Sp0
3	4	13	2	46 Sp8
3	4	14	2	Grid Marker
3	4	1	3	0
3	4	2	3	0
3	4	3	3	419 Sp19
3	4	4	3	0
3	4	5	3	419 Sp19
3	4	6	3	0
3	4	7	3	419 Sp19
3	4	8	3	249 Sp0
3	4	9	3	25 Sp0
3	4	10	3	249 Sp0
3	4	11	3	25 Sp0
3	4	12	3	249 Sp0
3	4	13	3	25 Sp0
3	4	14	3	0
3	4	1	4	0
3	4	2	4	0
3	4	3	4	444 Sp22
3	4	4	4	0
3	4	5	4	444 Sp22
3	4	6	4	0
3	4	7	4	444 Sp22
3	4	8	4	271 Sp0
3	4	9	4	46 Sp8
3	4	10	4	271 Sp0
3	4	11	4	46 Sp8
3	4	12	4	271 Sp0
3	4	13	4	46 Sp8
3	4	14	4	0
3	4	1	5	0
3	4	2	5	0
3	4	3	5	469 Sp0
3	4	4	5	0
3	4	5	5	469 Sp0
3	4	6	5	0
3	4	7	5	469 Sp0
3	4	8	5	311 Sp14
3	4	9	5	64 Sp0
3	4	10	5	311 Sp14
3	4	11	5	64 Sp0
3	4	12	5	311 Sp14
3	4	13	5	64 Sp0
3	4	14	5	0
3	4	1	6	0
3	4	2	6	0
3	4	3	6	499 Sp8
3	4	4	6	0
3	4	5	6	499 Sp8
3	4	6	6	0
3	4	7	6	499 Sp8
3	4	8	6	341 Sp8
3	4	9	6	86 Sp8
3	4	10	6	341 Sp8
3	4	11	6	86 Sp8
3	4	12	6	341 Sp8
3	4	13	6	86 Sp8
3	4	14	6	0
3	4	1	7	0
3	4	2	7	0
3	4	3	7	469 Sp0
3	4	4	7	0
3	4	5	7	469 Sp0
3	4	6	7	0
3	4	7	7	469 Sp0
3	4	8	7	311 Sp14
3	4	9	7	64 Sp0
3	4	10	7	311 Sp14
3	4	11	7	64 Sp0
3	4	12	7	311 Sp14
3	4	13	7	64 Sp0
3	4	14	7	0
3	4	1	8	0
3	4	2	8	0
3	4	3	8	499 Sp8
3	4	4	8	0
3	4	5	8	499 Sp8
3	4	6	8	0
3	4	7	8	499 Sp8
3	4	8	8	341 Sp8
3	4	9	8	86 Sp8
3	4	10	8	341 Sp8
3	4	11	8	86 Sp8
3	4	12	8	341 Sp8
3	4	13	8	86 Sp8
3	4	14	8	0
3	4	1	9	0
3	4	2	9	0
3	4	3	9	599 Sp0
3	4	4	9	0
3	4	5	9	599 Sp0
3	4	6	9	0
3	4	7	9	599 Sp0
3	4	8	9	367 Sp12
3	4	9	9	186 Sp8
3	4	10	9	367 Sp12
3	4	11	9	186 Sp8
3	4	12	9	367 Sp12
3	4	13	9	186 Sp8
3	4	14	9	0
3	4	1	10	Grid Marker
3	4	2	10	0
3	4	3	10	614 Sp24
3	4	4	10	0
3	4	5	10	614 Sp24
3	4	6	10	0
3	4	7	10	614 Sp24
3	4	8	10	392 Sp21
3	4	9	10	223 Sp0
3	4	10	10	392 Sp21
3	4	11	10	223 Sp0
3	4	12	10	392 Sp21
3	4	13	10	223 Sp0
3	4	14	10	0
3	4	1	11	Grid Marker
3	4	2	11	0
3	4	3	11	599 Sp0
3	4	4	11	0
3	4	5	11	599 Sp0
3	4	6	11	0
3	4	7	11	599 Sp0
3	4	8	11	367 Sp12
3	4	9	11	186 Sp8
3	4	10	11	367 Sp12
3	4	11	11	186 Sp8
3	4	12	11	367 Sp12
3	4	13	11	186 Sp8
3	4	14	11	0
3	4	1	12	Grid Marker
3	4	2	12	0
3	4	3	12	614 Sp24
3	4	4	12	0
3	4	5	12	614 Sp24
3	4	6	12	0
3	4	7	12	614 Sp24
3	4	8	12	392 Sp21
3	4	9	12	223 Sp0
3	4	10	12	392 Sp21
3	4	11	12	223 Sp0
3	4	12	12	392 Sp21
3	4	13	12	223 Sp0
3	4	14	12	0
4	1	1	1	0
4	1	2	1	618 Sp14
4	1	3	1	404 Sp0
4	1	4	1	618 Sp14
4	1	5	1	404 Sp0
4	1	6	1	618 Sp14
4	1	7	1	404 Sp0
4	1	8	1	232 Sp0
4	1	9	1	13 Sp8
4	1	10	1	232 Sp0
4	1	11	1	13 Sp8
4	1	12	1	232 Sp0
4	1	13	1	13 Sp8
4	1	14	1	Grid Marker
4	1	1	2	0
4	1	2	2	633 Sp12
4	1	3	2	428 Sp24
4	1	4	2	633 Sp12
4	1	5	2	428 Sp24
4	1	6	2	633 Sp12
4	1	7	2	428 Sp24
4	1	8	2	255 Sp8
4	1	9	2	32 Sp8
4	1	10	2	255 Sp8
4	1	11	2	32 Sp8
4	1	12	2	255 Sp8
4	1	13	2	32 Sp8
4	1	14	2	Grid Marker
4	1	1	3	0
4	1	2	3	618 Sp14
4	1	3	3	404 Sp0
4	1	4	3	618 Sp14
4	1	5	3	404 Sp0
4	1	6	3	618 Sp14
4	1	7	3	404 Sp0
4	1	8	3	232 Sp0
4	1	9	3	13 Sp8
4	1	10	3	232 Sp0
4	1	11	3	13 Sp8
4	1	12	3	232 Sp0
4	1	13	3	13 Sp8
4	1	14	3	0
4	1	1	4	0
4	1	2	4	633 Sp12
4	1	3	4	428 Sp24
4	1	4	4	633 Sp12
4	1	5	4	428 Sp24
4	1	6	4	633 Sp12
4	1	7	4	428 Sp24
4	1	8	4	255 Sp8
4	1	9	4	32 Sp8
4	1	10	4	255 Sp8
4	1	11	4	32 Sp8
4	1	12	4	255 Sp8
4	1	13	4	32 Sp8
4	1	14	4	0
4	1	1	5	0
4	1	2	5	0
4	1	3	5	453 Sp19
4	1	4	5	0
4	1	5	5	453 Sp19
4	1	6	5	0
4	1	7	5	453 Sp19
4	1	8	5	284 Sp0
4	1	9	5	0
4	1	10	5	284 Sp0
4	1	11	5	0
4	1	12	5	284 Sp0
4	1	13	5	0
4	1	14	5	0
4	1	1	6	0
4	1	2	6	0
4	1	3	6	481 Sp0
4	1	4	6	0
4	1	5	6	481 Sp0
4	1	6	6	0
4	1	7	6	481 Sp0
4	1	8	6	321 Sp8
4	1	9	6	72 Sp8
4	1	10	6	321 Sp8
4	1	11	6	72 Sp8
4	1	12	6	321 Sp8
4	1	13	6	72 Sp8
4	1	14	6	0
4	1	1	7	0
4	1	2	7	0
4	1	3	7	453 Sp19
4	1	4	7	0
4	1	5	7	453 Sp19
4	1	6	7	0
4	1	7	7	453 Sp19
4	1	8	7	284 Sp0
4	1	9	7	0
4	1	10	7	284 Sp0
4	1	11	7	0
4	1	12	7	284 Sp0
4	1	13	7	0
4	1	14	7	0
4	1	1	8	0
4	1	2	8	0
4	1	3	8	481 Sp0
4	1	4	8	0
4	1	5	8	481 Sp0
4	1	6	8	0
4	1	7	8	481 Sp0
4	1	8	8	321 Sp8
4	1	9	8	72 Sp8
4	1	10	8	321 Sp8
4	1	11	8	72 Sp8
4	1	12	8	321 Sp8
4	1	13	8	72 Sp8
4	1	14	8	0
4	1	1	9	0
4	1	2	9	0
4	1	3	9	588 Sp24
4	1	4	9	0
4	1	5	9	588 Sp24
4	1	6	9	0
4	1	7	9	588 Sp24
4	1	8	9	352 Sp0
4	1	9	9	169 Sp8
4	1	10	9	352 Sp0
4	1	11	9	169 Sp8
4	1	12	9	352 Sp0
4	1	13	9	169 Sp8
4	1	14	9	0
4	1	1	10	Grid Marker
4	1	2	10	0
4	1	3	10	603 Sp24
4	1	4	10	0
4	1	5	10	603 Sp24
4	1	6	10	0
4	1	7	10	603 Sp24
4	1	8	10	375 Sp22
4	1	9	10	197 Sp12
4	1	10	10	375 Sp22
4	1	11	10	197 Sp12
4	1	12	10	375 Sp22
4	1	13	10	197 Sp12
4	1	14	10	0
4	1	1	11	Grid Marker
4	1	2	11	0
4	1	3	11	588 Sp24
4	1	4	11	0
4	1	5	11	588 Sp24
4	1	6	11	0
4	1	7	11	588 Sp24
4	1	8	11	352 Sp0
4	1	9	11	169 Sp8
4	1	10	11	352 Sp0
4	1	11	11	169 Sp8
4	1	12	11	352 Sp0
4	1	13	11	169 Sp8
4	1	14	11	0
4	1	1	12	Grid Marker
4	1	2	12	0
4	1	3	12	603 Sp24
4	1	4	12	0
4	1	5	12	603 Sp24
4	1	6	12	0
4	1	7	12	603 Sp24
4	1	8	12	375 Sp22
4	1	9	12	197 Sp12
4	1	10	12	375 Sp22
4	1	11	12	197 Sp12
4	1	12	12	375 Sp22
4	1	13	12	197 Sp12
4	1	14	12	0
4	2	1	1	0
4	2	2	1	619 Sp14
4	2	3	1	405 Sp0
4	2	4	1	619 Sp14
4	2	5	1	405 Sp0
4	2	6	1	619 Sp14
4	2	7	1	405 Sp0
4	2	8	1	233 Sp8
4	2	9	1	13 Sp11
4	2	10	1	233 Sp8
4	2	11	1	13 Sp11
4	2	12	1	233 Sp8
4	2	13	1	13 Sp11
4	2	14	1	Grid Marker
4	2	1	2	0
4	2	2	2	634 Sp14
4	2	3	2	429 Sp14
4	2	4	2	634 Sp14
4	2	5	2	429 Sp14
4	2	6	2	634 Sp14
4	2	7	2	429 Sp14
4	2	8	2	257 Sp0
4	2	9	2	33 Sp0
4	2	10	2	257 Sp0
4	2	11	2	33 Sp0
4	2	12	2	257 Sp0
4	2	13	2	33 Sp0
4	2	14	2	Grid Marker
4	2	1	3	0
4	2	2	3	619 Sp14
4	2	3	3	405 Sp0
4	2	4	3	619 Sp14
4	2	5	3	405 Sp0
4	2	6	3	619 Sp14
4	2	7	3	405 Sp0
4	2	8	3	233 Sp8
4	2	9	3	13 Sp11
4	2	10	3	233 Sp8
4	2	11	3	13 Sp11
4	2	12	3	233 Sp8
4	2	13	3	13 Sp11
4	2	14	3	0
4	2	1	4	0
4	2	2	4	634 Sp14
4	2	3	4	429 Sp14
4	2	4	4	634 Sp14
4	2	5	4	429 Sp14
4	2	6	4	634 Sp14
4	2	7	4	429 Sp14
4	2	8	4	257 Sp0
4	2	9	4	33 Sp0
4	2	10	4	257 Sp0
4	2	11	4	33 Sp0
4	2	12	4	257 Sp0
4	2	13	4	33 Sp0
4	2	14	4	0
4	2	1	5	0
4	2	2	5	0
4	2	3	5	454 Sp21
4	2	4	5	0
4	2	5	5	454 Sp21
4	2	6	5	0
4	2	7	5	454 Sp21
4	2	8	5	285 Sp0
4	2	9	5	51 Sp21
4	2	10	5	285 Sp0
4	2	11	5	51 Sp21
4	2	12	5	285 Sp0
4	2	13	5	51 Sp21
4	2	14	5	0
4	2	1	6	0
4	2	2	6	0
4	2	3	6	482 Sp0
4	2	4	6	0
4	2	5	6	482 Sp0
4	2	6	6	0
4	2	7	6	482 Sp0
4	2	8	6	322 Sp12
4	2	9	6	73 Sp8
4	2	10	6	322 Sp12
4	2	11	6	73 Sp8
4	2	12	6	322 Sp12
4	2	13	6	73 Sp8
4	2	14	6	0
4	2	1	7	0
4	2	2	7	0
4	2	3	7	454 Sp21
4	2	4	7	0
4	2	5	7	454 Sp21
4	2	6	7	0
4	2	7	7	454 Sp21
4	2	8	7	285 Sp0
4	2	9	7	51 Sp21
4	2	10	7	285 Sp0
4	2	11	7	51 Sp21
4	2	12	7	285 Sp0
4	2	13	7	51 Sp21
4	2	14	7	0
4	2	1	8	0
4	2	2	8	0
4	2	3	8	482 Sp0
4	2	4	8	0
4	2	5	8	482 Sp0
4	2	6	8	0
4	2	7	8	482 Sp0
4	2	8	8	322 Sp12
4	2	9	8	73 Sp8
4	2	10	8	322 Sp12
4	2	11	8	73 Sp8
4	2	12	8	322 Sp12
4	2	13	8	73 Sp8
4	2	14	8	0
4	2	1	9	0
4	2	2	9	0
4	2	3	9	589 Sp24
4	2	4	9	0
4	2	5	9	589 Sp24
4	2	6	9	0
4	2	7	9	589 Sp24
4	2	8	9	353 Sp0
4	2	9	9	170 Sp8
4	2	10	9	353 Sp0
4	2	11	9	170 Sp8
4	2	12	9	353 Sp0
4	2	13	9	170 Sp8
4	2	14	9	0
4	2	1	10	Grid Marker
4	2	2	10	0
4	2	3	10	604 Sp24
4	2	4	10	0
4	2	5	10	604 Sp24
4	2	6	10	0
4	2	7	10	604 Sp24
4	2	8	10	376 Sp22
4	2	9	10	198 Sp12
4	2	10	10	376 Sp22
4	2	11	10	198 Sp12
4	2	12	10	376 Sp22
4	2	13	10	198 Sp12
4	2	14	10	0
4	2	1	11	Grid Marker
4	2	2	11	0
4	2	3	11	589 Sp24
4	2	4	11	0
4	2	5	11	589 Sp24
4	2	6	11	0
4	2	7	11	589 Sp24
4	2	8	11	353 Sp0
4	2	9	11	170 Sp8
4	2	10	11	353 Sp0
4	2	11	11	170 Sp8
4	2	12	11	353 Sp0
4	2	13	11	170 Sp8
4	2	14	11	0
4	2	1	12	Grid Marker
4	2	2	12	0
4	2	3	12	604 Sp24
4	2	4	12	0
4	2	5	12	604 Sp24
4	2	6	12	0
4	2	7	12	604 Sp24
4	2	8	12	376 Sp22
4	2	9	12	198 Sp12
4	2	10	12	376 Sp22
4	2	11	12	198 Sp12
4	2	12	12	376 Sp22
4	2	13	12	198 Sp12
4	2	14	12	0
4	3	1	1	0
4	3	2	1	626 Sp14
4	3	3	1	416 Sp14
4	3	4	1	626 Sp14
4	3	5	1	416 Sp14
4	3	6	1	626 Sp14
4	3	7	1	416 Sp14
4	3	8	1	246 Sp0
4	3	9	1	22 Sp8
4	3	10	1	246 Sp0
4	3	11	1	22 Sp8
4	3	12	1	246 Sp0
4	3	13	1	22 Sp8
4	3	14	1	Grid Marker
4	3	1	2	0
4	3	2	2	0
4	3	3	2	441 Sp14
4	3	4	2	0
4	3	5	2	441 Sp14
4	3	6	2	0
4	3	7	2	441 Sp14
4	3	8	2	268 Sp8
4	3	9	2	42 Sp8
4	3	10	2	268 Sp8
4	3	11	2	42 Sp8
4	3	12	2	268 Sp8
4	3	13	2	42 Sp8
4	3	14	2	Grid Marker
4	3	1	3	0
4	3	2	3	626 Sp14
4	3	3	3	416 Sp14
4	3	4	3	626 Sp14
4	3	5	3	416 Sp14
4	3	6	3	626 Sp14
4	3	7	3	416 Sp14
4	3	8	3	246 Sp0
4	3	9	3	22 Sp8
4	3	10	3	246 Sp0
4	3	11	3	22 Sp8
4	3	12	3	246 Sp0
4	3	13	3	22 Sp8
4	3	14	3	0
4	3	1	4	0
4	3	2	4	0
4	3	3	4	441 Sp14
4	3	4	4	0
4	3	5	4	441 Sp14
4	3	6	4	0
4	3	7	4	441 Sp14
4	3	8	4	268 Sp8
4	3	9	4	42 Sp8
4	3	10	4	268 Sp8
4	3	11	4	42 Sp8
4	3	12	4	268 Sp8
4	3	13	4	42 Sp8
4	3	14	4	0
4	3	1	5	0
4	3	2	5	0
4	3	3	5	466 Sp10
4	3	4	5	0
4	3	5	5	466 Sp10
4	3	6	5	0
4	3	7	5	466 Sp10
4	3	8	5	305 Sp0
4	3	9	5	60 Sp8
4	3	10	5	305 Sp0
4	3	11	5	60 Sp8
4	3	12	5	305 Sp0
4	3	13	5	60 Sp8
4	3	14	5	0
4	3	1	6	0
4	3	2	6	0
4	3	3	6	494Sp21
4	3	4	6	0
4	3	5	6	494Sp21
4	3	6	6	0
4	3	7	6	494Sp21
4	3	8	6	337 Sp12
4	3	9	6	82 Sp8
4	3	10	6	337 Sp12
4	3	11	6	82 Sp8
4	3	12	6	337 Sp12
4	3	13	6	82 Sp8
4	3	14	6	0
4	3	1	7	0
4	3	2	7	0
4	3	3	7	466 Sp10
4	3	4	7	0
4	3	5	7	466 Sp10
4	3	6	7	0
4	3	7	7	466 Sp10
4	3	8	7	305 Sp0
4	3	9	7	60 Sp8
4	3	10	7	305 Sp0
4	3	11	7	60 Sp8
4	3	12	7	305 Sp0
4	3	13	7	60 Sp8
4	3	14	7	0
4	3	1	8	0
4	3	2	8	0
4	3	3	8	494Sp21
4	3	4	8	0
4	3	5	8	494Sp21
4	3	6	8	0
4	3	7	8	494Sp21
4	3	8	8	337 Sp12
4	3	9	8	82 Sp8
4	3	10	8	337 Sp12
4	3	11	8	82 Sp8
4	3	12	8	337 Sp12
4	3	13	8	82 Sp8
4	3	14	8	0
4	3	1	9	0
4	3	2	9	0
4	3	3	9	596 Sp14
4	3	4	9	0
4	3	5	9	596 Sp14
4	3	6	9	0
4	3	7	9	596 Sp14
4	3	8	9	364 Sp0
4	3	9	9	183 Sp8
4	3	10	9	364 Sp0
4	3	11	9	183 Sp8
4	3	12	9	364 Sp0
4	3	13	9	183 Sp8
4	3	14	9	0
4	3	1	10	Grid Marker
4	3	2	10	0
4	3	3	10	611 Sp24
4	3	4	10	0
4	3	5	10	611 Sp24
4	3	6	10	0
4	3	7	10	611 Sp24
4	3	8	10	389 Sp22
4	3	9	10	220 Sp8
4	3	10	10	389 Sp22
4	3	11	10	220 Sp8
4	3	12	10	389 Sp22
4	3	13	10	220 Sp8
4	3	14	10	0
4	3	1	11	Grid Marker
4	3	2	11	0
4	3	3	11	596 Sp14
4	3	4	11	0
4	3	5	11	596 Sp14
4	3	6	11	0
4	3	7	11	596 Sp14
4	3	8	11	364 Sp0
4	3	9	11	183 Sp8
4	3	10	11	364 Sp0
4	3	11	11	183 Sp8
4	3	12	11	364 Sp0
4	3	13	11	183 Sp8
4	3	14	11	0
4	3	1	12	Grid Marker
4	3	2	12	0
4	3	3	12	611 Sp24
4	3	4	12	0
4	3	5	12	611 Sp24
4	3	6	12	0
4	3	7	12	611 Sp24
4	3	8	12	389 Sp22
4	3	9	12	220 Sp8
4	3	10	12	389 Sp22
4	3	11	12	220 Sp8
4	3	12	12	389 Sp22
4	3	13	12	220 Sp8
4	3	14	12	0
4	4	1	1	0
4	4	2	1	627 Sp14
4	4	3	1	417 Sp0
4	4	4	1	627 Sp14
4	4	5	1	417 Sp0
4	4	6	1	627 Sp14
4	4	7	1	417 Sp0
4	4	8	1	247 Sp0
4	4	9	1	23 Sp0
4	4	10	1	247 Sp0
4	4	11	1	23 Sp0
4	4	12	1	247 Sp0
4	4	13	1	23 Sp0
4	4	14	1	Grid Marker
4	4	1	2	0
4	4	2	2	0
4	4	3	2	442 Sp14
4	4	4	2	0
4	4	5	2	442 Sp14
4	4	6	2	0
4	4	7	2	442 Sp14
4	4	8	2	269 Sp0
4	4	9	2	43 Sp8
4	4	10	2	269 Sp0
4	4	11	2	43 Sp8
4	4	12	2	269 Sp0
4	4	13	2	43 Sp8
4	4	14	2	Grid Marker
4	4	1	3	0
4	4	2	3	627 Sp14
4	4	3	3	417 Sp0
4	4	4	3	627 Sp14
4	4	5	3	417 Sp0
4	4	6	3	627 Sp14
4	4	7	3	417 Sp0
4	4	8	3	247 Sp0
4	4	9	3	23 Sp0
4	4	10	3	247 Sp0
4	4	11	3	23 Sp0
4	4	12	3	247 Sp0
4	4	13	3	23 Sp0
4	4	14	3	0
4	4	1	4	0
4	4	2	4	0
4	4	3	4	442 Sp14
4	4	4	4	0
4	4	5	4	442 Sp14
4	4	6	4	0
4	4	7	4	442 Sp14
4	4	8	4	269 Sp0
4	4	9	4	43 Sp8
4	4	10	4	269 Sp0
4	4	11	4	43 Sp8
4	4	12	4	269 Sp0
4	4	13	4	43 Sp8
4	4	14	4	0
4	4	1	5	0
4	4	2	5	0
4	4	3	5	467 Sp8
4	4	4	5	0
4	4	5	5	467 Sp8
4	4	6	5	0
4	4	7	5	467 Sp8
4	4	8	5	306 Sp0
4	4	9	5	61 Sp0
4	4	10	5	306 Sp0
4	4	11	5	61 Sp0
4	4	12	5	306 Sp0
4	4	13	5	61 Sp0
4	4	14	5	0
4	4	1	6	0
4	4	2	6	0
4	4	3	6	495Sp21
4	4	4	6	0
4	4	5	6	495Sp21
4	4	6	6	0
4	4	7	6	495Sp21
4	4	8	6	338 Sp12
4	4	9	6	84 Sp8
4	4	10	6	338 Sp12
4	4	11	6	84 Sp8
4	4	12	6	338 Sp12
4	4	13	6	84 Sp8
4	4	14	6	0
4	4	1	7	0
4	4	2	7	0
4	4	3	7	467 Sp8
4	4	4	7	0
4	4	5	7	467 Sp8
4	4	6	7	0
4	4	7	7	467 Sp8
4	4	8	7	306 Sp0
4	4	9	7	61 Sp0
4	4	10	7	306 Sp0
4	4	11	7	61 Sp0
4	4	12	7	306 Sp0
4	4	13	7	61 Sp0
4	4	14	7	0
4	4	1	8	0
4	4	2	8	0
4	4	3	8	495Sp21
4	4	4	8	0
4	4	5	8	495Sp21
4	4	6	8	0
4	4	7	8	495Sp21
4	4	8	8	338 Sp12
4	4	9	8	84 Sp8
4	4	10	8	338 Sp12
4	4	11	8	84 Sp8
4	4	12	8	338 Sp12
4	4	13	8	84 Sp8
4	4	14	8	0
4	4	1	9	0
4	4	2	9	0
4	4	3	9	597 Sp25
4	4	4	9	0
4	4	5	9	597 Sp25
4	4	6	9	0
4	4	7	9	597 Sp25
4	4	8	9	365 Sp0
4	4	9	9	184 Sp8
4	4	10	9	365 Sp0
4	4	11	9	184 Sp8
4	4	12	9	365 Sp0
4	4	13	9	184 Sp8
4	4	14	9	0
4	4	1	10	Grid Marker
4	4	2	10	0
4	4	3	10	612 Sp24
4	4	4	10	0
4	4	5	10	612 Sp24
4	4	6	10	0
4	4	7	10	612 Sp24
4	4	8	10	390 Sp21
4	4	9	10	220 Sp14
4	4	10	10	390 Sp21
4	4	11	10	220 Sp14
4	4	12	10	390 Sp21
4	4	13	10	220 Sp14
4	4	14	10	0
4	4	1	11	Grid Marker
4	4	2	11	0
4	4	3	11	597 Sp25
4	4	4	11	0
4	4	5	11	597 Sp25
4	4	6	11	0
4	4	7	11	597 Sp25
4	4	8	11	365 Sp0
4	4	9	11	184 Sp8
4	4	10	11	365 Sp0
4	4	11	11	184 Sp8
4	4	12	11	365 Sp0
4	4	13	11	184 Sp8
4	4	14	11	0
4	4	1	12	Grid Marker
4	4	2	12	0
4	4	3	12	612 Sp24
4	4	4	12	0
4	4	5	12	612 Sp24
4	4	6	12	0
4	4	7	12	612 Sp24
4	4	8	12	390 Sp21
4	4	9	12	220 Sp14
4	4	10	12	390 Sp21
4	4	11	12	220 Sp14
4	4	12	12	390 Sp21
4	4	13	12	220 Sp14
4	4	14	12	0
5	1	1	1	0
5	1	2	1	556 Sp0
5	1	3	1	402 Sp14
5	1	4	1	556 Sp0
5	1	5	1	402 Sp14
5	1	6	1	556 Sp0
5	1	7	1	402 Sp14
5	1	8	1	136 Sp8
5	1	9	1	11 Sp9
5	1	10	1	136 Sp8
5	1	11	1	11 Sp9
5	1	12	1	136 Sp8
5	1	13	1	11 Sp9
5	1	14	1	Grid Marker
5	1	1	2	0
5	1	2	2	576 Sp12
5	1	3	2	426 Sp0
5	1	4	2	576 Sp12
5	1	5	2	426 Sp0
5	1	6	2	576 Sp12
5	1	7	2	426 Sp0
5	1	8	2	158 Sp8
5	1	9	2	31 Sp8
5	1	10	2	158 Sp8
5	1	11	2	31 Sp8
5	1	12	2	158 Sp8
5	1	13	2	31 Sp8
5	1	14	2	Grid Marker
5	1	1	3	0
5	1	2	3	556 Sp0
5	1	3	3	402 Sp14
5	1	4	3	556 Sp0
5	1	5	3	402 Sp14
5	1	6	3	556 Sp0
5	1	7	3	402 Sp14
5	1	8	3	136 Sp8
5	1	9	3	11 Sp9
5	1	10	3	136 Sp8
5	1	11	3	11 Sp9
5	1	12	3	136 Sp8
5	1	13	3	11 Sp9
5	1	14	3	0
5	1	1	4	0
5	1	2	4	576 Sp12
5	1	3	4	426 Sp0
5	1	4	4	576 Sp12
5	1	5	4	426 Sp0
5	1	6	4	576 Sp12
5	1	7	4	426 Sp0
5	1	8	4	158 Sp8
5	1	9	4	31 Sp8
5	1	10	4	158 Sp8
5	1	11	4	31 Sp8
5	1	12	4	158 Sp8
5	1	13	4	31 Sp8
5	1	14	4	0
5	1	1	5	0
5	1	2	5	0
5	1	3	5	451 Sp22
5	1	4	5	0
5	1	5	5	451 Sp22
5	1	6	5	0
5	1	7	5	451 Sp22
5	1	8	5	282 Sp0
5	1	9	5	51 Sp24
5	1	10	5	282 Sp0
5	1	11	5	51 Sp24
5	1	12	5	282 Sp0
5	1	13	5	51 Sp24
5	1	14	5	0
5	1	1	6	0
5	1	2	6	0
5	1	3	6	479 Sp14
5	1	4	6	0
5	1	5	6	479 Sp14
5	1	6	6	0
5	1	7	6	479 Sp14
5	1	8	6	317 Sp0
5	1	9	6	69 Sp8
5	1	10	6	317 Sp0
5	1	11	6	69 Sp8
5	1	12	6	317 Sp0
5	1	13	6	69 Sp8
5	1	14	6	0
5	1	1	7	0
5	1	2	7	0
5	1	3	7	451 Sp22
5	1	4	7	0
5	1	5	7	451 Sp22
5	1	6	7	0
5	1	7	7	451 Sp22
5	1	8	7	282 Sp0
5	1	9	7	51 Sp24
5	1	10	7	282 Sp0
5	1	11	7	51 Sp24
5	1	12	7	282 Sp0
5	1	13	7	51 Sp24
5	1	14	7	0
5	1	1	8	0
5	1	2	8	0
5	1	3	8	479 Sp14
5	1	4	8	0
5	1	5	8	479 Sp14
5	1	6	8	0
5	1	7	8	479 Sp14
5	1	8	8	317 Sp0
5	1	9	8	69 Sp8
5	1	10	8	317 Sp0
5	1	11	8	69 Sp8
5	1	12	8	317 Sp0
5	1	13	8	69 Sp8
5	1	14	8	0
5	1	1	9	0
5	1	2	9	0
5	1	3	9	510 Sp0
5	1	4	9	0
5	1	5	9	510 Sp0
5	1	6	9	0
5	1	7	9	510 Sp0
5	1	8	9	350 Sp0
5	1	9	9	97 Sp0
5	1	10	9	350 Sp0
5	1	11	9	97 Sp0
5	1	12	9	350 Sp0
5	1	13	9	97 Sp0
5	1	14	9	0
5	1	1	10	Grid Marker
5	1	2	10	0
5	1	3	10	533 Sp0
5	1	4	10	0
5	1	5	10	533 Sp0
5	1	6	10	0
5	1	7	10	533 Sp0
5	1	8	10	373 Sp12
5	1	9	10	115 Sp8
5	1	10	10	373 Sp12
5	1	11	10	115 Sp8
5	1	12	10	373 Sp12
5	1	13	10	115 Sp8
5	1	14	10	0
5	1	1	11	Grid Marker
5	1	2	11	0
5	1	3	11	510 Sp0
5	1	4	11	0
5	1	5	11	510 Sp0
5	1	6	11	0
5	1	7	11	510 Sp0
5	1	8	11	350 Sp0
5	1	9	11	97 Sp0
5	1	10	11	350 Sp0
5	1	11	11	97 Sp0
5	1	12	11	350 Sp0
5	1	13	11	97 Sp0
5	1	14	11	0
5	1	1	12	Grid Marker
5	1	2	12	0
5	1	3	12	533 Sp0
5	1	4	12	0
5	1	5	12	533 Sp0
5	1	6	12	0
5	1	7	12	533 Sp0
5	1	8	12	373 Sp12
5	1	9	12	115 Sp8
5	1	10	12	373 Sp12
5	1	11	12	115 Sp8
5	1	12	12	373 Sp12
5	1	13	12	115 Sp8
5	1	14	12	0
5	2	1	1	0
5	2	2	1	557 Sp14
5	2	3	1	403 Sp12
5	2	4	1	557 Sp14
5	2	5	1	403 Sp12
5	2	6	1	557 Sp14
5	2	7	1	403 Sp12
5	2	8	1	137 Sp0
5	2	9	1	12 Sp8
5	2	10	1	137 Sp0
5	2	11	1	12 Sp8
5	2	12	1	137 Sp0
5	2	13	1	12 Sp8
5	2	14	1	Grid Marker
5	2	1	2	0
5	2	2	2	577 Sp24
5	2	3	2	427 Sp19
5	2	4	2	577 Sp24
5	2	5	2	427 Sp19
5	2	6	2	577 Sp24
5	2	7	2	427 Sp19
5	2	8	2	159 Sp8
5	2	9	2	32 Sp0
5	2	10	2	159 Sp8
5	2	11	2	32 Sp0
5	2	12	2	159 Sp8
5	2	13	2	32 Sp0
5	2	14	2	Grid Marker
5	2	1	3	0
5	2	2	3	557 Sp14
5	2	3	3	403 Sp12
5	2	4	3	557 Sp14
5	2	5	3	403 Sp12
5	2	6	3	557 Sp14
5	2	7	3	403 Sp12
5	2	8	3	137 Sp0
5	2	9	3	12 Sp8
5	2	10	3	137 Sp0
5	2	11	3	12 Sp8
5	2	12	3	137 Sp0
5	2	13	3	12 Sp8
5	2	14	3	0
5	2	1	4	0
5	2	2	4	577 Sp24
5	2	3	4	427 Sp19
5	2	4	4	577 Sp24
5	2	5	4	427 Sp19
5	2	6	4	577 Sp24
5	2	7	4	427 Sp19
5	2	8	4	159 Sp8
5	2	9	4	32 Sp0
5	2	10	4	159 Sp8
5	2	11	4	32 Sp0
5	2	12	4	159 Sp8
5	2	13	4	32 Sp0
5	2	14	4	0
5	2	1	5	0
5	2	2	5	0
5	2	3	5	452 Sp22
5	2	4	5	0
5	2	5	5	452 Sp22
5	2	6	5	0
5	2	7	5	452 Sp22
5	2	8	5	283 Sp0
5	2	9	5	51 Sp12
5	2	10	5	283 Sp0
5	2	11	5	51 Sp12
5	2	12	5	283 Sp0
5	2	13	5	51 Sp12
5	2	14	5	0
5	2	1	6	0
5	2	2	6	0
5	2	3	6	480 Sp14
5	2	4	6	0
5	2	5	6	480 Sp14
5	2	6	6	0
5	2	7	6	480 Sp14
5	2	8	6	320 Sp8
5	2	9	6	70 Sp8
5	2	10	6	320 Sp8
5	2	11	6	70 Sp8
5	2	12	6	320 Sp8
5	2	13	6	70 Sp8
5	2	14	6	0
5	2	1	7	0
5	2	2	7	0
5	2	3	7	452 Sp22
5	2	4	7	0
5	2	5	7	452 Sp22
5	2	6	7	0
5	2	7	7	452 Sp22
5	2	8	7	283 Sp0
5	2	9	7	51 Sp12
5	2	10	7	283 Sp0
5	2	11	7	51 Sp12
5	2	12	7	283 Sp0
5	2	13	7	51 Sp12
5	2	14	7	0
5	2	1	8	0
5	2	2	8	0
5	2	3	8	480 Sp14
5	2	4	8	0
5	2	5	8	480 Sp14
5	2	6	8	0
5	2	7	8	480 Sp14
5	2	8	8	320 Sp8
5	2	9	8	70 Sp8
5	2	10	8	320 Sp8
5	2	11	8	70 Sp8
5	2	12	8	320 Sp8
5	2	13	8	70 Sp8
5	2	14	8	0
5	2	1	9	0
5	2	2	9	0
5	2	3	9	511 Sp14
5	2	4	9	0
5	2	5	9	511 Sp14
5	2	6	9	0
5	2	7	9	511 Sp14
5	2	8	9	351 Sp0
5	2	9	9	98 Sp8
5	2	10	9	351 Sp0
5	2	11	9	98 Sp8
5	2	12	9	351 Sp0
5	2	13	9	98 Sp8
5	2	14	9	0
5	2	1	10	Grid Marker
5	2	2	10	0
5	2	3	10	534 Sp8
5	2	4	10	0
5	2	5	10	534 Sp8
5	2	6	10	0
5	2	7	10	534 Sp8
5	2	8	10	374 Sp22
5	2	9	10	116 Sp8
5	2	10	10	374 Sp22
5	2	11	10	116 Sp8
5	2	12	10	374 Sp22
5	2	13	10	116 Sp8
5	2	14	10	0
5	2	1	11	Grid Marker
5	2	2	11	0
5	2	3	11	511 Sp14
5	2	4	11	0
5	2	5	11	511 Sp14
5	2	6	11	0
5	2	7	11	511 Sp14
5	2	8	11	351 Sp0
5	2	9	11	98 Sp8
5	2	10	11	351 Sp0
5	2	11	11	98 Sp8
5	2	12	11	351 Sp0
5	2	13	11	98 Sp8
5	2	14	11	0
5	2	1	12	Grid Marker
5	2	2	12	0
5	2	3	12	534 Sp8
5	2	4	12	0
5	2	5	12	534 Sp8
5	2	6	12	0
5	2	7	12	534 Sp8
5	2	8	12	374 Sp22
5	2	9	12	116 Sp8
5	2	10	12	374 Sp22
5	2	11	12	116 Sp8
5	2	12	12	374 Sp22
5	2	13	12	116 Sp8
5	2	14	12	0
5	3	1	1	0
5	3	2	1	567 Sp0
5	3	3	1	414 Sp0
5	3	4	1	567 Sp0
5	3	5	1	414 Sp0
5	3	6	1	567 Sp0
5	3	7	1	414 Sp0
5	3	8	1	147 Sp0
5	3	9	1	21 Sp8
5	3	10	1	147 Sp0
5	3	11	1	21 Sp8
5	3	12	1	147 Sp0
5	3	13	1	21 Sp8
5	3	14	1	Grid Marker
5	3	1	2	0
5	3	2	2	586 Sp0
5	3	3	2	439 Sp14
5	3	4	2	586 Sp0
5	3	5	2	439 Sp14
5	3	6	2	586 Sp0
5	3	7	2	439 Sp14
5	3	8	2	167 MDPLys
5	3	9	2	40 Sp8
5	3	10	2	167 MDPLys
5	3	11	2	40 Sp8
5	3	12	2	167 MDPLys
5	3	13	2	40 Sp8
5	3	14	2	Grid Marker
5	3	1	3	0
5	3	2	3	567 Sp0
5	3	3	3	414 Sp0
5	3	4	3	567 Sp0
5	3	5	3	414 Sp0
5	3	6	3	567 Sp0
5	3	7	3	414 Sp0
5	3	8	3	147 Sp0
5	3	9	3	21 Sp8
5	3	10	3	147 Sp0
5	3	11	3	21 Sp8
5	3	12	3	147 Sp0
5	3	13	3	21 Sp8
5	3	14	3	0
5	3	1	4	0
5	3	2	4	586 Sp0
5	3	3	4	439 Sp14
5	3	4	4	586 Sp0
5	3	5	4	439 Sp14
5	3	6	4	586 Sp0
5	3	7	4	439 Sp14
5	3	8	4	167 MDPLys
5	3	9	4	40 Sp8
5	3	10	4	167 MDPLys
5	3	11	4	40 Sp8
5	3	12	4	167 MDPLys
5	3	13	4	40 Sp8
5	3	14	4	0
5	3	1	5	0
5	3	2	5	0
5	3	3	5	463 Sp21
5	3	4	5	0
5	3	5	5	463 Sp21
5	3	6	5	0
5	3	7	5	463 Sp21
5	3	8	5	302 Sp0
5	3	9	5	58 Sp10
5	3	10	5	302 Sp0
5	3	11	5	58 Sp10
5	3	12	5	302 Sp0
5	3	13	5	58 Sp10
5	3	14	5	0
5	3	1	6	0
5	3	2	6	0
5	3	3	6	492Sp21
5	3	4	6	0
5	3	5	6	492Sp21
5	3	6	6	0
5	3	7	6	492Sp21
5	3	8	6	333 Sp14
5	3	9	6	80 Sp18
5	3	10	6	333 Sp14
5	3	11	6	80 Sp18
5	3	12	6	333 Sp14
5	3	13	6	80 Sp18
5	3	14	6	0
5	3	1	7	0
5	3	2	7	0
5	3	3	7	463 Sp21
5	3	4	7	0
5	3	5	7	463 Sp21
5	3	6	7	0
5	3	7	7	463 Sp21
5	3	8	7	302 Sp0
5	3	9	7	58 Sp10
5	3	10	7	302 Sp0
5	3	11	7	58 Sp10
5	3	12	7	302 Sp0
5	3	13	7	58 Sp10
5	3	14	7	0
5	3	1	8	0
5	3	2	8	0
5	3	3	8	492Sp21
5	3	4	8	0
5	3	5	8	492Sp21
5	3	6	8	0
5	3	7	8	492Sp21
5	3	8	8	333 Sp14
5	3	9	8	80 Sp18
5	3	10	8	333 Sp14
5	3	11	8	80 Sp18
5	3	12	8	333 Sp14
5	3	13	8	80 Sp18
5	3	14	8	0
5	3	1	9	0
5	3	2	9	0
5	3	3	9	521 Sp14
5	3	4	9	0
5	3	5	9	521 Sp14
5	3	6	9	0
5	3	7	9	521 Sp14
5	3	8	9	362 Sp0
5	3	9	9	105 Sp10
5	3	10	9	362 Sp0
5	3	11	9	105 Sp10
5	3	12	9	362 Sp0
5	3	13	9	105 Sp10
5	3	14	9	0
5	3	1	10	Grid Marker
5	3	2	10	0
5	3	3	10	544 Sp8
5	3	4	10	0
5	3	5	10	544 Sp8
5	3	6	10	0
5	3	7	10	544 Sp8
5	3	8	10	387 Sp20
5	3	9	10	126 Sp14
5	3	10	10	387 Sp20
5	3	11	10	126 Sp14
5	3	12	10	387 Sp20
5	3	13	10	126 Sp14
5	3	14	10	0
5	3	1	11	Grid Marker
5	3	2	11	0
5	3	3	11	521 Sp14
5	3	4	11	0
5	3	5	11	521 Sp14
5	3	6	11	0
5	3	7	11	521 Sp14
5	3	8	11	362 Sp0
5	3	9	11	105 Sp10
5	3	10	11	362 Sp0
5	3	11	11	105 Sp10
5	3	12	11	362 Sp0
5	3	13	11	105 Sp10
5	3	14	11	0
5	3	1	12	Grid Marker
5	3	2	12	0
5	3	3	12	544 Sp8
5	3	4	12	0
5	3	5	12	544 Sp8
5	3	6	12	0
5	3	7	12	544 Sp8
5	3	8	12	387 Sp20
5	3	9	12	126 Sp14
5	3	10	12	387 Sp20
5	3	11	12	126 Sp14
5	3	12	12	387 Sp20
5	3	13	12	126 Sp14
5	3	14	12	0
5	4	1	1	0
5	4	2	1	568 Sp0
5	4	3	1	415 Sp14
5	4	4	1	568 Sp0
5	4	5	1	415 Sp14
5	4	6	1	568 Sp0
5	4	7	1	415 Sp14
5	4	8	1	148 Sp0
5	4	9	1	21 Sp14
5	4	10	1	148 Sp0
5	4	11	1	21 Sp14
5	4	12	1	148 Sp0
5	4	13	1	21 Sp14
5	4	14	1	Grid Marker
5	4	1	2	0
5	4	2	2	587 Sp24
5	4	3	2	440 Sp0
5	4	4	2	587 Sp24
5	4	5	2	440 Sp0
5	4	6	2	587 Sp24
5	4	7	2	440 Sp0
5	4	8	2	168 Sp8
5	4	9	2	41 Sp8
5	4	10	2	168 Sp8
5	4	11	2	41 Sp8
5	4	12	2	168 Sp8
5	4	13	2	41 Sp8
5	4	14	2	Grid Marker
5	4	1	3	0
5	4	2	3	568 Sp0
5	4	3	3	415 Sp14
5	4	4	3	568 Sp0
5	4	5	3	415 Sp14
5	4	6	3	568 Sp0
5	4	7	3	415 Sp14
5	4	8	3	148 Sp0
5	4	9	3	21 Sp14
5	4	10	3	148 Sp0
5	4	11	3	21 Sp14
5	4	12	3	148 Sp0
5	4	13	3	21 Sp14
5	4	14	3	0
5	4	1	4	0
5	4	2	4	587 Sp24
5	4	3	4	440 Sp0
5	4	4	4	587 Sp24
5	4	5	4	440 Sp0
5	4	6	4	587 Sp24
5	4	7	4	440 Sp0
5	4	8	4	168 Sp8
5	4	9	4	41 Sp8
5	4	10	4	168 Sp8
5	4	11	4	41 Sp8
5	4	12	4	168 Sp8
5	4	13	4	41 Sp8
5	4	14	4	0
5	4	1	5	0
5	4	2	5	0
5	4	3	5	465 Sp10
5	4	4	5	0
5	4	5	5	465 Sp10
5	4	6	5	0
5	4	7	5	465 Sp10
5	4	8	5	303 Sp0
5	4	9	5	60 Sp0
5	4	10	5	303 Sp0
5	4	11	5	60 Sp0
5	4	12	5	303 Sp0
5	4	13	5	60 Sp0
5	4	14	5	0
5	4	1	6	0
5	4	2	6	0
5	4	3	6	493Sp21
5	4	4	6	0
5	4	5	6	493Sp21
5	4	6	6	0
5	4	7	6	493Sp21
5	4	8	6	336 Sp12
5	4	9	6	81 Sp8
5	4	10	6	336 Sp12
5	4	11	6	81 Sp8
5	4	12	6	336 Sp12
5	4	13	6	81 Sp8
5	4	14	6	0
5	4	1	7	0
5	4	2	7	0
5	4	3	7	465 Sp10
5	4	4	7	0
5	4	5	7	465 Sp10
5	4	6	7	0
5	4	7	7	465 Sp10
5	4	8	7	303 Sp0
5	4	9	7	60 Sp0
5	4	10	7	303 Sp0
5	4	11	7	60 Sp0
5	4	12	7	303 Sp0
5	4	13	7	60 Sp0
5	4	14	7	0
5	4	1	8	0
5	4	2	8	0
5	4	3	8	493Sp21
5	4	4	8	0
5	4	5	8	493Sp21
5	4	6	8	0
5	4	7	8	493Sp21
5	4	8	8	336 Sp12
5	4	9	8	81 Sp8
5	4	10	8	336 Sp12
5	4	11	8	81 Sp8
5	4	12	8	336 Sp12
5	4	13	8	81 Sp8
5	4	14	8	0
5	4	1	9	0
5	4	2	9	0
5	4	3	9	522 Sp14
5	4	4	9	0
5	4	5	9	522 Sp14
5	4	6	9	0
5	4	7	9	522 Sp14
5	4	8	9	363 Sp0
5	4	9	9	106 Sp8
5	4	10	9	363 Sp0
5	4	11	9	106 Sp8
5	4	12	9	363 Sp0
5	4	13	9	106 Sp8
5	4	14	9	0
5	4	1	10	Grid Marker
5	4	2	10	0
5	4	3	10	545 Sp8
5	4	4	10	0
5	4	5	10	545 Sp8
5	4	6	10	0
5	4	7	10	545 Sp8
5	4	8	10	388 Sp12
5	4	9	10	126 Sp16
5	4	10	10	388 Sp12
5	4	11	10	126 Sp16
5	4	12	10	388 Sp12
5	4	13	10	126 Sp16
5	4	14	10	0
5	4	1	11	Grid Marker
5	4	2	11	0
5	4	3	11	522 Sp14
5	4	4	11	0
5	4	5	11	522 Sp14
5	4	6	11	0
5	4	7	11	522 Sp14
5	4	8	11	363 Sp0
5	4	9	11	106 Sp8
5	4	10	11	363 Sp0
5	4	11	11	106 Sp8
5	4	12	11	363 Sp0
5	4	13	11	106 Sp8
5	4	14	11	0
5	4	1	12	Grid Marker
5	4	2	12	0
5	4	3	12	545 Sp8
5	4	4	12	0
5	4	5	12	545 Sp8
5	4	6	12	0
5	4	7	12	545 Sp8
5	4	8	12	388 Sp12
5	4	9	12	126 Sp16
5	4	10	12	388 Sp12
5	4	11	12	126 Sp16
5	4	12	12	388 Sp12
5	4	13	12	126 Sp16
5	4	14	12	0
6	1	1	1	0
6	1	2	1	554 Sp0
6	1	3	1	400 Sp14
6	1	4	1	554 Sp0
6	1	5	1	400 Sp14
6	1	6	1	554 Sp0
6	1	7	1	400 Sp14
6	1	8	1	134 Sp8
6	1	9	1	10Sp15
6	1	10	1	134 Sp8
6	1	11	1	10Sp15
6	1	12	1	134 Sp8
6	1	13	1	10Sp15
6	1	14	1	Grid Marker
6	1	1	2	0
6	1	2	2	575 Sp24
6	1	3	2	424 Sp14
6	1	4	2	575 Sp24
6	1	5	2	424 Sp14
6	1	6	2	575 Sp24
6	1	7	2	424 Sp14
6	1	8	2	155 Sp8
6	1	9	2	30 Sp8
6	1	10	2	155 Sp8
6	1	11	2	30 Sp8
6	1	12	2	155 Sp8
6	1	13	2	30 Sp8
6	1	14	2	Grid Marker
6	1	1	3	0
6	1	2	3	554 Sp0
6	1	3	3	400 Sp14
6	1	4	3	554 Sp0
6	1	5	3	400 Sp14
6	1	6	3	554 Sp0
6	1	7	3	400 Sp14
6	1	8	3	134 Sp8
6	1	9	3	10Sp15
6	1	10	3	134 Sp8
6	1	11	3	10Sp15
6	1	12	3	134 Sp8
6	1	13	3	10Sp15
6	1	14	3	0
6	1	1	4	0
6	1	2	4	575 Sp24
6	1	3	4	424 Sp14
6	1	4	4	575 Sp24
6	1	5	4	424 Sp14
6	1	6	4	575 Sp24
6	1	7	4	424 Sp14
6	1	8	4	155 Sp8
6	1	9	4	30 Sp8
6	1	10	4	155 Sp8
6	1	11	4	30 Sp8
6	1	12	4	155 Sp8
6	1	13	4	30 Sp8
6	1	14	4	0
6	1	1	5	0
6	1	2	5	0
6	1	3	5	449 Sp14
6	1	4	5	0
6	1	5	5	449 Sp14
6	1	6	5	0
6	1	7	5	449 Sp14
6	1	8	5	280 Sp0
6	1	9	5	49 Sp13
6	1	10	5	280 Sp0
6	1	11	5	49 Sp13
6	1	12	5	280 Sp0
6	1	13	5	49 Sp13
6	1	14	5	0
6	1	1	6	0
6	1	2	6	0
6	1	3	6	476 Sp0
6	1	4	6	0
6	1	5	6	476 Sp0
6	1	6	6	0
6	1	7	6	476 Sp0
6	1	8	6	315 Sp0
6	1	9	6	67 Sp8
6	1	10	6	315 Sp0
6	1	11	6	67 Sp8
6	1	12	6	315 Sp0
6	1	13	6	67 Sp8
6	1	14	6	0
6	1	1	7	0
6	1	2	7	0
6	1	3	7	449 Sp14
6	1	4	7	0
6	1	5	7	449 Sp14
6	1	6	7	0
6	1	7	7	449 Sp14
6	1	8	7	280 Sp0
6	1	9	7	49 Sp13
6	1	10	7	280 Sp0
6	1	11	7	49 Sp13
6	1	12	7	280 Sp0
6	1	13	7	49 Sp13
6	1	14	7	0
6	1	1	8	0
6	1	2	8	0
6	1	3	8	476 Sp0
6	1	4	8	0
6	1	5	8	476 Sp0
6	1	6	8	0
6	1	7	8	476 Sp0
6	1	8	8	315 Sp0
6	1	9	8	67 Sp8
6	1	10	8	315 Sp0
6	1	11	8	67 Sp8
6	1	12	8	315 Sp0
6	1	13	8	67 Sp8
6	1	14	8	0
6	1	1	9	0
6	1	2	9	0
6	1	3	9	508 Sp21
6	1	4	9	0
6	1	5	9	508 Sp21
6	1	6	9	0
6	1	7	9	508 Sp21
6	1	8	9	346 Sp12
6	1	9	9	95 Sp8
6	1	10	9	346 Sp12
6	1	11	9	95 Sp8
6	1	12	9	346 Sp12
6	1	13	9	95 Sp8
6	1	14	9	0
6	1	1	10	Grid Marker
6	1	2	10	0
6	1	3	10	531 Sp0
6	1	4	10	0
6	1	5	10	531 Sp0
6	1	6	10	0
6	1	7	10	531 Sp0
6	1	8	10	371 Sp12
6	1	9	10	114 Sp0
6	1	10	10	371 Sp12
6	1	11	10	114 Sp0
6	1	12	10	371 Sp12
6	1	13	10	114 Sp0
6	1	14	10	0
6	1	1	11	Grid Marker
6	1	2	11	0
6	1	3	11	508 Sp21
6	1	4	11	0
6	1	5	11	508 Sp21
6	1	6	11	0
6	1	7	11	508 Sp21
6	1	8	11	346 Sp12
6	1	9	11	95 Sp8
6	1	10	11	346 Sp12
6	1	11	11	95 Sp8
6	1	12	11	346 Sp12
6	1	13	11	95 Sp8
6	1	14	11	0
6	1	1	12	Grid Marker
6	1	2	12	0
6	1	3	12	531 Sp0
6	1	4	12	0
6	1	5	12	531 Sp0
6	1	6	12	0
6	1	7	12	531 Sp0
6	1	8	12	371 Sp12
6	1	9	12	114 Sp0
6	1	10	12	371 Sp12
6	1	11	12	114 Sp0
6	1	12	12	371 Sp12
6	1	13	12	114 Sp0
6	1	14	12	0
6	2	1	1	0
6	2	2	1	555 Sp0
6	2	3	1	401 Sp14
6	2	4	1	555 Sp0
6	2	5	1	401 Sp14
6	2	6	1	555 Sp0
6	2	7	1	401 Sp14
6	2	8	1	136 Sp0
6	2	9	1	11 Sp8
6	2	10	1	136 Sp0
6	2	11	1	11 Sp8
6	2	12	1	136 Sp0
6	2	13	1	11 Sp8
6	2	14	1	Grid Marker
6	2	1	2	0
6	2	2	2	576 Sp25
6	2	3	2	425 Sp14
6	2	4	2	576 Sp25
6	2	5	2	425 Sp14
6	2	6	2	576 Sp25
6	2	7	2	425 Sp14
6	2	8	2	156 Sp8
6	2	9	2	31 Sp0
6	2	10	2	156 Sp8
6	2	11	2	31 Sp0
6	2	12	2	156 Sp8
6	2	13	2	31 Sp0
6	2	14	2	Grid Marker
6	2	1	3	0
6	2	2	3	555 Sp0
6	2	3	3	401 Sp14
6	2	4	3	555 Sp0
6	2	5	3	401 Sp14
6	2	6	3	555 Sp0
6	2	7	3	401 Sp14
6	2	8	3	136 Sp0
6	2	9	3	11 Sp8
6	2	10	3	136 Sp0
6	2	11	3	11 Sp8
6	2	12	3	136 Sp0
6	2	13	3	11 Sp8
6	2	14	3	0
6	2	1	4	0
6	2	2	4	576 Sp25
6	2	3	4	425 Sp14
6	2	4	4	576 Sp25
6	2	5	4	425 Sp14
6	2	6	4	576 Sp25
6	2	7	4	425 Sp14
6	2	8	4	156 Sp8
6	2	9	4	31 Sp0
6	2	10	4	156 Sp8
6	2	11	4	31 Sp0
6	2	12	4	156 Sp8
6	2	13	4	31 Sp0
6	2	14	4	0
6	2	1	5	0
6	2	2	5	0
6	2	3	5	450 Sp14
6	2	4	5	0
6	2	5	5	450 Sp14
6	2	6	5	0
6	2	7	5	450 Sp14
6	2	8	5	281 Sp0
6	2	9	5	50 Sp12
6	2	10	5	281 Sp0
6	2	11	5	50 Sp12
6	2	12	5	281 Sp0
6	2	13	5	50 Sp12
6	2	14	5	0
6	2	1	6	0
6	2	2	6	0
6	2	3	6	478 Sp14
6	2	4	6	0
6	2	5	6	478 Sp14
6	2	6	6	0
6	2	7	6	478 Sp14
6	2	8	6	316 Sp0
6	2	9	6	68 Sp0
6	2	10	6	316 Sp0
6	2	11	6	68 Sp0
6	2	12	6	316 Sp0
6	2	13	6	68 Sp0
6	2	14	6	0
6	2	1	7	0
6	2	2	7	0
6	2	3	7	450 Sp14
6	2	4	7	0
6	2	5	7	450 Sp14
6	2	6	7	0
6	2	7	7	450 Sp14
6	2	8	7	281 Sp0
6	2	9	7	50 Sp12
6	2	10	7	281 Sp0
6	2	11	7	50 Sp12
6	2	12	7	281 Sp0
6	2	13	7	50 Sp12
6	2	14	7	0
6	2	1	8	0
6	2	2	8	0
6	2	3	8	478 Sp14
6	2	4	8	0
6	2	5	8	478 Sp14
6	2	6	8	0
6	2	7	8	478 Sp14
6	2	8	8	316 Sp0
6	2	9	8	68 Sp0
6	2	10	8	316 Sp0
6	2	11	8	68 Sp0
6	2	12	8	316 Sp0
6	2	13	8	68 Sp0
6	2	14	8	0
6	2	1	9	0
6	2	2	9	0
6	2	3	9	509 Sp21
6	2	4	9	0
6	2	5	9	509 Sp21
6	2	6	9	0
6	2	7	9	509 Sp21
6	2	8	9	347 Sp20
6	2	9	9	96 Sp0
6	2	10	9	347 Sp20
6	2	11	9	96 Sp0
6	2	12	9	347 Sp20
6	2	13	9	96 Sp0
6	2	14	9	0
6	2	1	10	Grid Marker
6	2	2	10	0
6	2	3	10	532 Sp0
6	2	4	10	0
6	2	5	10	532 Sp0
6	2	6	10	0
6	2	7	10	532 Sp0
6	2	8	10	372 Sp12
6	2	9	10	115 Sp0
6	2	10	10	372 Sp12
6	2	11	10	115 Sp0
6	2	12	10	372 Sp12
6	2	13	10	115 Sp0
6	2	14	10	0
6	2	1	11	Grid Marker
6	2	2	11	0
6	2	3	11	509 Sp21
6	2	4	11	0
6	2	5	11	509 Sp21
6	2	6	11	0
6	2	7	11	509 Sp21
6	2	8	11	347 Sp20
6	2	9	11	96 Sp0
6	2	10	11	347 Sp20
6	2	11	11	96 Sp0
6	2	12	11	347 Sp20
6	2	13	11	96 Sp0
6	2	14	11	0
6	2	1	12	Grid Marker
6	2	2	12	0
6	2	3	12	532 Sp0
6	2	4	12	0
6	2	5	12	532 Sp0
6	2	6	12	0
6	2	7	12	532 Sp0
6	2	8	12	372 Sp12
6	2	9	12	115 Sp0
6	2	10	12	372 Sp12
6	2	11	12	115 Sp0
6	2	12	12	372 Sp12
6	2	13	12	115 Sp0
6	2	14	12	0
6	3	1	1	0
6	3	2	1	565 Sp21
6	3	3	1	412 Sp21
6	3	4	1	565 Sp21
6	3	5	1	412 Sp21
6	3	6	1	565 Sp21
6	3	7	1	412 Sp21
6	3	8	1	145 Sp0
6	3	9	1	19 Sp8
6	3	10	1	145 Sp0
6	3	11	1	19 Sp8
6	3	12	1	145 Sp0
6	3	13	1	19 Sp8
6	3	14	1	Grid Marker
6	3	1	2	0
6	3	2	2	584 Sp0
6	3	3	2	437 Sp0
6	3	4	2	584 Sp0
6	3	5	2	437 Sp0
6	3	6	2	584 Sp0
6	3	7	2	437 Sp0
6	3	8	2	165 Sp0
6	3	9	2	39 Sp8
6	3	10	2	165 Sp0
6	3	11	2	39 Sp8
6	3	12	2	165 Sp0
6	3	13	2	39 Sp8
6	3	14	2	Grid Marker
6	3	1	3	0
6	3	2	3	565 Sp21
6	3	3	3	412 Sp21
6	3	4	3	565 Sp21
6	3	5	3	412 Sp21
6	3	6	3	565 Sp21
6	3	7	3	412 Sp21
6	3	8	3	145 Sp0
6	3	9	3	19 Sp8
6	3	10	3	145 Sp0
6	3	11	3	19 Sp8
6	3	12	3	145 Sp0
6	3	13	3	19 Sp8
6	3	14	3	0
6	3	1	4	0
6	3	2	4	584 Sp0
6	3	3	4	437 Sp0
6	3	4	4	584 Sp0
6	3	5	4	437 Sp0
6	3	6	4	584 Sp0
6	3	7	4	437 Sp0
6	3	8	4	165 Sp0
6	3	9	4	39 Sp8
6	3	10	4	165 Sp0
6	3	11	4	39 Sp8
6	3	12	4	165 Sp0
6	3	13	4	39 Sp8
6	3	14	4	0
6	3	1	5	0
6	3	2	5	0
6	3	3	5	461 Sp21
6	3	4	5	0
6	3	5	5	461 Sp21
6	3	6	5	0
6	3	7	5	461 Sp21
6	3	8	5	300 Sp0
6	3	9	5	57 Sp9
6	3	10	5	300 Sp0
6	3	11	5	57 Sp9
6	3	12	5	300 Sp0
6	3	13	5	57 Sp9
6	3	14	5	0
6	3	1	6	0
6	3	2	6	0
6	3	3	6	490Sp21
6	3	4	6	0
6	3	5	6	490Sp21
6	3	6	6	0
6	3	7	6	490Sp21
6	3	8	6	331 Sp9
6	3	9	6	79 Sp8
6	3	10	6	331 Sp9
6	3	11	6	79 Sp8
6	3	12	6	331 Sp9
6	3	13	6	79 Sp8
6	3	14	6	0
6	3	1	7	0
6	3	2	7	0
6	3	3	7	461 Sp21
6	3	4	7	0
6	3	5	7	461 Sp21
6	3	6	7	0
6	3	7	7	461 Sp21
6	3	8	7	300 Sp0
6	3	9	7	57 Sp9
6	3	10	7	300 Sp0
6	3	11	7	57 Sp9
6	3	12	7	300 Sp0
6	3	13	7	57 Sp9
6	3	14	7	0
6	3	1	8	0
6	3	2	8	0
6	3	3	8	490Sp21
6	3	4	8	0
6	3	5	8	490Sp21
6	3	6	8	0
6	3	7	8	490Sp21
6	3	8	8	331 Sp9
6	3	9	8	79 Sp8
6	3	10	8	331 Sp9
6	3	11	8	79 Sp8
6	3	12	8	331 Sp9
6	3	13	8	79 Sp8
6	3	14	8	0
6	3	1	9	0
6	3	2	9	0
6	3	3	9	519 Sp21
6	3	4	9	0
6	3	5	9	519 Sp21
6	3	6	9	0
6	3	7	9	519 Sp21
6	3	8	9	360 Sp0
6	3	9	9	104 Sp8
6	3	10	9	360 Sp0
6	3	11	9	104 Sp8
6	3	12	9	360 Sp0
6	3	13	9	104 Sp8
6	3	14	9	0
6	3	1	10	Grid Marker
6	3	2	10	0
6	3	3	10	542 Sp8
6	3	4	10	0
6	3	5	10	542 Sp8
6	3	6	10	0
6	3	7	10	542 Sp8
6	3	8	10	385 Sp20
6	3	9	10	123 Sp10
6	3	10	10	385 Sp20
6	3	11	10	123 Sp10
6	3	12	10	385 Sp20
6	3	13	10	123 Sp10
6	3	14	10	0
6	3	1	11	Grid Marker
6	3	2	11	0
6	3	3	11	519 Sp21
6	3	4	11	0
6	3	5	11	519 Sp21
6	3	6	11	0
6	3	7	11	519 Sp21
6	3	8	11	360 Sp0
6	3	9	11	104 Sp8
6	3	10	11	360 Sp0
6	3	11	11	104 Sp8
6	3	12	11	360 Sp0
6	3	13	11	104 Sp8
6	3	14	11	0
6	3	1	12	Grid Marker
6	3	2	12	0
6	3	3	12	542 Sp8
6	3	4	12	0
6	3	5	12	542 Sp8
6	3	6	12	0
6	3	7	12	542 Sp8
6	3	8	12	385 Sp20
6	3	9	12	123 Sp10
6	3	10	12	385 Sp20
6	3	11	12	123 Sp10
6	3	12	12	385 Sp20
6	3	13	12	123 Sp10
6	3	14	12	0
6	4	1	1	0
6	4	2	1	566 Sp0
6	4	3	1	413 Sp0
6	4	4	1	566 Sp0
6	4	5	1	413 Sp0
6	4	6	1	566 Sp0
6	4	7	1	413 Sp0
6	4	8	1	146 Sp0
6	4	9	1	20 Sp8
6	4	10	1	146 Sp0
6	4	11	1	20 Sp8
6	4	12	1	146 Sp0
6	4	13	1	20 Sp8
6	4	14	1	Grid Marker
6	4	1	2	0
6	4	2	2	585 Sp0
6	4	3	2	438 Sp14
6	4	4	2	585 Sp0
6	4	5	2	438 Sp14
6	4	6	2	585 Sp0
6	4	7	2	438 Sp14
6	4	8	2	166 Sp0
6	4	9	2	40 Sp0
6	4	10	2	166 Sp0
6	4	11	2	40 Sp0
6	4	12	2	166 Sp0
6	4	13	2	40 Sp0
6	4	14	2	Grid Marker
6	4	1	3	0
6	4	2	3	566 Sp0
6	4	3	3	413 Sp0
6	4	4	3	566 Sp0
6	4	5	3	413 Sp0
6	4	6	3	566 Sp0
6	4	7	3	413 Sp0
6	4	8	3	146 Sp0
6	4	9	3	20 Sp8
6	4	10	3	146 Sp0
6	4	11	3	20 Sp8
6	4	12	3	146 Sp0
6	4	13	3	20 Sp8
6	4	14	3	0
6	4	1	4	0
6	4	2	4	585 Sp0
6	4	3	4	438 Sp14
6	4	4	4	585 Sp0
6	4	5	4	438 Sp14
6	4	6	4	585 Sp0
6	4	7	4	438 Sp14
6	4	8	4	166 Sp0
6	4	9	4	40 Sp0
6	4	10	4	166 Sp0
6	4	11	4	40 Sp0
6	4	12	4	166 Sp0
6	4	13	4	40 Sp0
6	4	14	4	0
6	4	1	5	0
6	4	2	5	0
6	4	3	5	462 Sp21
6	4	4	5	0
6	4	5	5	462 Sp21
6	4	6	5	0
6	4	7	5	462 Sp21
6	4	8	5	301 Sp0
6	4	9	5	58 Sp8
6	4	10	5	301 Sp0
6	4	11	5	58 Sp8
6	4	12	5	301 Sp0
6	4	13	5	58 Sp8
6	4	14	5	0
6	4	1	6	0
6	4	2	6	0
6	4	3	6	491Sp21
6	4	4	6	0
6	4	5	6	491Sp21
6	4	6	6	0
6	4	7	6	491Sp21
6	4	8	6	332 Sp9
6	4	9	6	80 Sp8
6	4	10	6	332 Sp9
6	4	11	6	80 Sp8
6	4	12	6	332 Sp9
6	4	13	6	80 Sp8
6	4	14	6	0
6	4	1	7	0
6	4	2	7	0
6	4	3	7	462 Sp21
6	4	4	7	0
6	4	5	7	462 Sp21
6	4	6	7	0
6	4	7	7	462 Sp21
6	4	8	7	301 Sp0
6	4	9	7	58 Sp8
6	4	10	7	301 Sp0
6	4	11	7	58 Sp8
6	4	12	7	301 Sp0
6	4	13	7	58 Sp8
6	4	14	7	0
6	4	1	8	0
6	4	2	8	0
6	4	3	8	491Sp21
6	4	4	8	0
6	4	5	8	491Sp21
6	4	6	8	0
6	4	7	8	491Sp21
6	4	8	8	332 Sp9
6	4	9	8	80 Sp8
6	4	10	8	332 Sp9
6	4	11	8	80 Sp8
6	4	12	8	332 Sp9
6	4	13	8	80 Sp8
6	4	14	8	0
6	4	1	9	0
6	4	2	9	0
6	4	3	9	520 Sp14
6	4	4	9	0
6	4	5	9	520 Sp14
6	4	6	9	0
6	4	7	9	520 Sp14
6	4	8	9	361 Sp0
6	4	9	9	105 Sp0
6	4	10	9	361 Sp0
6	4	11	9	105 Sp0
6	4	12	9	361 Sp0
6	4	13	9	105 Sp0
6	4	14	9	0
6	4	1	10	Grid Marker
6	4	2	10	0
6	4	3	10	543 Sp8
6	4	4	10	0
6	4	5	10	543 Sp8
6	4	6	10	0
6	4	7	10	543 Sp8
6	4	8	10	386 Sp20
6	4	9	10	126 Sp8
6	4	10	10	386 Sp20
6	4	11	10	126 Sp8
6	4	12	10	386 Sp20
6	4	13	10	126 Sp8
6	4	14	10	0
6	4	1	11	Grid Marker
6	4	2	11	0
6	4	3	11	520 Sp14
6	4	4	11	0
6	4	5	11	520 Sp14
6	4	6	11	0
6	4	7	11	520 Sp14
6	4	8	11	361 Sp0
6	4	9	11	105 Sp0
6	4	10	11	361 Sp0
6	4	11	11	105 Sp0
6	4	12	11	361 Sp0
6	4	13	11	105 Sp0
6	4	14	11	0
6	4	1	12	Grid Marker
6	4	2	12	0
6	4	3	12	543 Sp8
6	4	4	12	0
6	4	5	12	543 Sp8
6	4	6	12	0
6	4	7	12	543 Sp8
6	4	8	12	386 Sp20
6	4	9	12	126 Sp8
6	4	10	12	386 Sp20
6	4	11	12	126 Sp8
6	4	12	12	386 Sp20
6	4	13	12	126 Sp8
6	4	14	12	0
7	1	1	1	0
7	1	2	1	552 Sp0
7	1	3	1	398 Sp20
7	1	4	1	552 Sp0
7	1	5	1	398 Sp20
7	1	6	1	552 Sp0
7	1	7	1	398 Sp20
7	1	8	1	133 Sp10
7	1	9	1	9 Sp8
7	1	10	1	133 Sp10
7	1	11	1	9 Sp8
7	1	12	1	133 Sp10
7	1	13	1	9 Sp8
7	1	14	1	Grid Marker
7	1	1	2	0
7	1	2	2	573 Sp12
7	1	3	2	422 Sp12
7	1	4	2	573 Sp12
7	1	5	2	422 Sp12
7	1	6	2	573 Sp12
7	1	7	2	422 Sp12
7	1	8	2	154 Sp0
7	1	9	2	27 Sp8
7	1	10	2	154 Sp0
7	1	11	2	27 Sp8
7	1	12	2	154 Sp0
7	1	13	2	27 Sp8
7	1	14	2	Grid Marker
7	1	1	3	0
7	1	2	3	552 Sp0
7	1	3	3	398 Sp20
7	1	4	3	552 Sp0
7	1	5	3	398 Sp20
7	1	6	3	552 Sp0
7	1	7	3	398 Sp20
7	1	8	3	133 Sp10
7	1	9	3	9 Sp8
7	1	10	3	133 Sp10
7	1	11	3	9 Sp8
7	1	12	3	133 Sp10
7	1	13	3	9 Sp8
7	1	14	3	0
7	1	1	4	0
7	1	2	4	573 Sp12
7	1	3	4	422 Sp12
7	1	4	4	573 Sp12
7	1	5	4	422 Sp12
7	1	6	4	573 Sp12
7	1	7	4	422 Sp12
7	1	8	4	154 Sp0
7	1	9	4	27 Sp8
7	1	10	4	154 Sp0
7	1	11	4	27 Sp8
7	1	12	4	154 Sp0
7	1	13	4	27 Sp8
7	1	14	4	0
7	1	1	5	0
7	1	2	5	0
7	1	3	5	447 Sp14
7	1	4	5	0
7	1	5	5	447 Sp14
7	1	6	5	0
7	1	7	5	447 Sp14
7	1	8	5	181 Sp8
7	1	9	5	48 Sp13
7	1	10	5	181 Sp8
7	1	11	5	48 Sp13
7	1	12	5	181 Sp8
7	1	13	5	48 Sp13
7	1	14	5	0
7	1	1	6	0
7	1	2	6	0
7	1	3	6	472 Sp12
7	1	4	6	0
7	1	5	6	472 Sp12
7	1	6	6	0
7	1	7	6	472 Sp12
7	1	8	6	213 Sp8
7	1	9	6	66 Sp0
7	1	10	6	213 Sp8
7	1	11	6	66 Sp0
7	1	12	6	213 Sp8
7	1	13	6	66 Sp0
7	1	14	6	0
7	1	1	7	0
7	1	2	7	0
7	1	3	7	447 Sp14
7	1	4	7	0
7	1	5	7	447 Sp14
7	1	6	7	0
7	1	7	7	447 Sp14
7	1	8	7	181 Sp8
7	1	9	7	48 Sp13
7	1	10	7	181 Sp8
7	1	11	7	48 Sp13
7	1	12	7	181 Sp8
7	1	13	7	48 Sp13
7	1	14	7	0
7	1	1	8	0
7	1	2	8	0
7	1	3	8	472 Sp12
7	1	4	8	0
7	1	5	8	472 Sp12
7	1	6	8	0
7	1	7	8	472 Sp12
7	1	8	8	213 Sp8
7	1	9	8	66 Sp0
7	1	10	8	213 Sp8
7	1	11	8	66 Sp0
7	1	12	8	213 Sp8
7	1	13	8	66 Sp0
7	1	14	8	0
7	1	1	9	0
7	1	2	9	0
7	1	3	9	506 Sp19
7	1	4	9	0
7	1	5	9	506 Sp19
7	1	6	9	0
7	1	7	9	506 Sp19
7	1	8	9	244 Sp14
7	1	9	9	94 Sp8
7	1	10	9	244 Sp14
7	1	11	9	94 Sp8
7	1	12	9	244 Sp14
7	1	13	9	94 Sp8
7	1	14	9	0
7	1	1	10	Grid Marker
7	1	2	10	0
7	1	3	10	529 Sp0
7	1	4	10	0
7	1	5	10	529 Sp0
7	1	6	10	0
7	1	7	10	529 Sp0
7	1	8	10	267 Sp8
7	1	9	10	112 Sp8
7	1	10	10	267 Sp8
7	1	11	10	112 Sp8
7	1	12	10	267 Sp8
7	1	13	10	112 Sp8
7	1	14	10	0
7	1	1	11	Grid Marker
7	1	2	11	0
7	1	3	11	506 Sp19
7	1	4	11	0
7	1	5	11	506 Sp19
7	1	6	11	0
7	1	7	11	506 Sp19
7	1	8	11	244 Sp14
7	1	9	11	94 Sp8
7	1	10	11	244 Sp14
7	1	11	11	94 Sp8
7	1	12	11	244 Sp14
7	1	13	11	94 Sp8
7	1	14	11	0
7	1	1	12	Grid Marker
7	1	2	12	0
7	1	3	12	529 Sp0
7	1	4	12	0
7	1	5	12	529 Sp0
7	1	6	12	0
7	1	7	12	529 Sp0
7	1	8	12	267 Sp8
7	1	9	12	112 Sp8
7	1	10	12	267 Sp8
7	1	11	12	112 Sp8
7	1	12	12	267 Sp8
7	1	13	12	112 Sp8
7	1	14	12	0
7	2	1	1	0
7	2	2	1	553 Sp0
7	2	3	1	399 Sp19
7	2	4	1	553 Sp0
7	2	5	1	399 Sp19
7	2	6	1	553 Sp0
7	2	7	1	399 Sp19
7	2	8	1	134 Sp0
7	2	9	1	10 Sp8
7	2	10	1	134 Sp0
7	2	11	1	10 Sp8
7	2	12	1	134 Sp0
7	2	13	1	10 Sp8
7	2	14	1	Grid Marker
7	2	1	2	0
7	2	2	2	574 Sp24
7	2	3	2	423 Sp14
7	2	4	2	574 Sp24
7	2	5	2	423 Sp14
7	2	6	2	574 Sp24
7	2	7	2	423 Sp14
7	2	8	2	154 Sp8
7	2	9	2	29 Sp8
7	2	10	2	154 Sp8
7	2	11	2	29 Sp8
7	2	12	2	154 Sp8
7	2	13	2	29 Sp8
7	2	14	2	Grid Marker
7	2	1	3	0
7	2	2	3	553 Sp0
7	2	3	3	399 Sp19
7	2	4	3	553 Sp0
7	2	5	3	399 Sp19
7	2	6	3	553 Sp0
7	2	7	3	399 Sp19
7	2	8	3	134 Sp0
7	2	9	3	10 Sp8
7	2	10	3	134 Sp0
7	2	11	3	10 Sp8
7	2	12	3	134 Sp0
7	2	13	3	10 Sp8
7	2	14	3	0
7	2	1	4	0
7	2	2	4	574 Sp24
7	2	3	4	423 Sp14
7	2	4	4	574 Sp24
7	2	5	4	423 Sp14
7	2	6	4	574 Sp24
7	2	7	4	423 Sp14
7	2	8	4	154 Sp8
7	2	9	4	29 Sp8
7	2	10	4	154 Sp8
7	2	11	4	29 Sp8
7	2	12	4	154 Sp8
7	2	13	4	29 Sp8
7	2	14	4	0
7	2	1	5	0
7	2	2	5	0
7	2	3	5	448 Sp14
7	2	4	5	0
7	2	5	5	448 Sp14
7	2	6	5	0
7	2	7	5	448 Sp14
7	2	8	5	182 Sp8
7	2	9	5	49 Sp12
7	2	10	5	182 Sp8
7	2	11	5	49 Sp12
7	2	12	5	182 Sp8
7	2	13	5	49 Sp12
7	2	14	5	0
7	2	1	6	0
7	2	2	6	0
7	2	3	6	475 Sp14
7	2	4	6	0
7	2	5	6	475 Sp14
7	2	6	6	0
7	2	7	6	475 Sp14
7	2	8	6	216 Sp0
7	2	9	6	67 Sp0
7	2	10	6	216 Sp0
7	2	11	6	67 Sp0
7	2	12	6	216 Sp0
7	2	13	6	67 Sp0
7	2	14	6	0
7	2	1	7	0
7	2	2	7	0
7	2	3	7	448 Sp14
7	2	4	7	0
7	2	5	7	448 Sp14
7	2	6	7	0
7	2	7	7	448 Sp14
7	2	8	7	182 Sp8
7	2	9	7	49 Sp12
7	2	10	7	182 Sp8
7	2	11	7	49 Sp12
7	2	12	7	182 Sp8
7	2	13	7	49 Sp12
7	2	14	7	0
7	2	1	8	0
7	2	2	8	0
7	2	3	8	475 Sp14
7	2	4	8	0
7	2	5	8	475 Sp14
7	2	6	8	0
7	2	7	8	475 Sp14
7	2	8	8	216 Sp0
7	2	9	8	67 Sp0
7	2	10	8	216 Sp0
7	2	11	8	67 Sp0
7	2	12	8	216 Sp0
7	2	13	8	67 Sp0
7	2	14	8	0
7	2	1	9	0
7	2	2	9	0
7	2	3	9	507 Sp24
7	2	4	9	0
7	2	5	9	507 Sp24
7	2	6	9	0
7	2	7	9	507 Sp24
7	2	8	9	245 Sp8
7	2	9	9	95 Sp0
7	2	10	9	245 Sp8
7	2	11	9	95 Sp0
7	2	12	9	245 Sp8
7	2	13	9	95 Sp0
7	2	14	9	0
7	2	1	10	Grid Marker
7	2	2	10	0
7	2	3	10	530 Sp14
7	2	4	10	0
7	2	5	10	530 Sp14
7	2	6	10	0
7	2	7	10	530 Sp14
7	2	8	10	268 Sp0
7	2	9	10	113 Sp0
7	2	10	10	268 Sp0
7	2	11	10	113 Sp0
7	2	12	10	268 Sp0
7	2	13	10	113 Sp0
7	2	14	10	0
7	2	1	11	Grid Marker
7	2	2	11	0
7	2	3	11	507 Sp24
7	2	4	11	0
7	2	5	11	507 Sp24
7	2	6	11	0
7	2	7	11	507 Sp24
7	2	8	11	245 Sp8
7	2	9	11	95 Sp0
7	2	10	11	245 Sp8
7	2	11	11	95 Sp0
7	2	12	11	245 Sp8
7	2	13	11	95 Sp0
7	2	14	11	0
7	2	1	12	Grid Marker
7	2	2	12	0
7	2	3	12	530 Sp14
7	2	4	12	0
7	2	5	12	530 Sp14
7	2	6	12	0
7	2	7	12	530 Sp14
7	2	8	12	268 Sp0
7	2	9	12	113 Sp0
7	2	10	12	268 Sp0
7	2	11	12	113 Sp0
7	2	12	12	268 Sp0
7	2	13	12	113 Sp0
7	2	14	12	0
7	3	1	1	0
7	3	2	1	563 Sp21
7	3	3	1	410 Sp21
7	3	4	1	563 Sp21
7	3	5	1	410 Sp21
7	3	6	1	563 Sp21
7	3	7	1	410 Sp21
7	3	8	1	144 Sp8
7	3	9	1	18 Sp8
7	3	10	1	144 Sp8
7	3	11	1	18 Sp8
7	3	12	1	144 Sp8
7	3	13	1	18 Sp8
7	3	14	1	Grid Marker
7	3	1	2	0
7	3	2	2	582 Sp0
7	3	3	2	435 Sp21
7	3	4	2	582 Sp0
7	3	5	2	435 Sp21
7	3	6	2	582 Sp0
7	3	7	2	435 Sp21
7	3	8	2	164 Sp0
7	3	9	2	37 Sp0
7	3	10	2	164 Sp0
7	3	11	2	37 Sp0
7	3	12	2	164 Sp0
7	3	13	2	37 Sp0
7	3	14	2	Grid Marker
7	3	1	3	0
7	3	2	3	563 Sp21
7	3	3	3	410 Sp21
7	3	4	3	563 Sp21
7	3	5	3	410 Sp21
7	3	6	3	563 Sp21
7	3	7	3	410 Sp21
7	3	8	3	144 Sp8
7	3	9	3	18 Sp8
7	3	10	3	144 Sp8
7	3	11	3	18 Sp8
7	3	12	3	144 Sp8
7	3	13	3	18 Sp8
7	3	14	3	0
7	3	1	4	0
7	3	2	4	582 Sp0
7	3	3	4	435 Sp21
7	3	4	4	582 Sp0
7	3	5	4	435 Sp21
7	3	6	4	582 Sp0
7	3	7	4	435 Sp21
7	3	8	4	164 Sp0
7	3	9	4	37 Sp0
7	3	10	4	164 Sp0
7	3	11	4	37 Sp0
7	3	12	4	164 Sp0
7	3	13	4	37 Sp0
7	3	14	4	0
7	3	1	5	0
7	3	2	5	0
7	3	3	5	459 Sp21
7	3	4	5	0
7	3	5	5	459 Sp21
7	3	6	5	0
7	3	7	5	459 Sp21
7	3	8	5	192 Sp9
7	3	9	5	56 Sp14
7	3	10	5	192 Sp9
7	3	11	5	56 Sp14
7	3	12	5	192 Sp9
7	3	13	5	56 Sp14
7	3	14	5	0
7	3	1	6	0
7	3	2	6	0
7	3	3	6	487 Sp19
7	3	4	6	0
7	3	5	6	487 Sp19
7	3	6	6	0
7	3	7	6	487 Sp19
7	3	8	6	230 Sp8
7	3	9	6	77 Sp8
7	3	10	6	230 Sp8
7	3	11	6	77 Sp8
7	3	12	6	230 Sp8
7	3	13	6	77 Sp8
7	3	14	6	0
7	3	1	7	0
7	3	2	7	0
7	3	3	7	459 Sp21
7	3	4	7	0
7	3	5	7	459 Sp21
7	3	6	7	0
7	3	7	7	459 Sp21
7	3	8	7	192 Sp9
7	3	9	7	56 Sp14
7	3	10	7	192 Sp9
7	3	11	7	56 Sp14
7	3	12	7	192 Sp9
7	3	13	7	56 Sp14
7	3	14	7	0
7	3	1	8	0
7	3	2	8	0
7	3	3	8	487 Sp19
7	3	4	8	0
7	3	5	8	487 Sp19
7	3	6	8	0
7	3	7	8	487 Sp19
7	3	8	8	230 Sp8
7	3	9	8	77 Sp8
7	3	10	8	230 Sp8
7	3	11	8	77 Sp8
7	3	12	8	230 Sp8
7	3	13	8	77 Sp8
7	3	14	8	0
7	3	1	9	0
7	3	2	9	0
7	3	3	9	517 Sp24
7	3	4	9	0
7	3	5	9	517 Sp24
7	3	6	9	0
7	3	7	9	517 Sp24
7	3	8	9	253 Sp8
7	3	9	9	102 Sp8
7	3	10	9	253 Sp8
7	3	11	9	102 Sp8
7	3	12	9	253 Sp8
7	3	13	9	102 Sp8
7	3	14	9	0
7	3	1	10	Grid Marker
7	3	2	10	0
7	3	3	10	540 Sp21
7	3	4	10	0
7	3	5	10	540 Sp21
7	3	6	10	0
7	3	7	10	540 Sp21
7	3	8	10	277 Sp8
7	3	9	10	121 Sp14
7	3	10	10	277 Sp8
7	3	11	10	121 Sp14
7	3	12	10	277 Sp8
7	3	13	10	121 Sp14
7	3	14	10	0
7	3	1	11	Grid Marker
7	3	2	11	0
7	3	3	11	517 Sp24
7	3	4	11	0
7	3	5	11	517 Sp24
7	3	6	11	0
7	3	7	11	517 Sp24
7	3	8	11	253 Sp8
7	3	9	11	102 Sp8
7	3	10	11	253 Sp8
7	3	11	11	102 Sp8
7	3	12	11	253 Sp8
7	3	13	11	102 Sp8
7	3	14	11	0
7	3	1	12	Grid Marker
7	3	2	12	0
7	3	3	12	540 Sp21
7	3	4	12	0
7	3	5	12	540 Sp21
7	3	6	12	0
7	3	7	12	540 Sp21
7	3	8	12	277 Sp8
7	3	9	12	121 Sp14
7	3	10	12	277 Sp8
7	3	11	12	121 Sp14
7	3	12	12	277 Sp8
7	3	13	12	121 Sp14
7	3	14	12	0
7	4	1	1	0
7	4	2	1	564 Sp21
7	4	3	1	411 Sp21
7	4	4	1	564 Sp21
7	4	5	1	411 Sp21
7	4	6	1	564 Sp21
7	4	7	1	411 Sp21
7	4	8	1	144 Sp14
7	4	9	1	19 Sp0
7	4	10	1	144 Sp14
7	4	11	1	19 Sp0
7	4	12	1	144 Sp14
7	4	13	1	19 Sp0
7	4	14	1	Grid Marker
7	4	1	2	0
7	4	2	2	583 Sp0
7	4	3	2	436 Sp0
7	4	4	2	583 Sp0
7	4	5	2	436 Sp0
7	4	6	2	583 Sp0
7	4	7	2	436 Sp0
7	4	8	2	164 Sp8
7	4	9	2	38 Sp8
7	4	10	2	164 Sp8
7	4	11	2	38 Sp8
7	4	12	2	164 Sp8
7	4	13	2	38 Sp8
7	4	14	2	Grid Marker
7	4	1	3	0
7	4	2	3	564 Sp21
7	4	3	3	411 Sp21
7	4	4	3	564 Sp21
7	4	5	3	411 Sp21
7	4	6	3	564 Sp21
7	4	7	3	411 Sp21
7	4	8	3	144 Sp14
7	4	9	3	19 Sp0
7	4	10	3	144 Sp14
7	4	11	3	19 Sp0
7	4	12	3	144 Sp14
7	4	13	3	19 Sp0
7	4	14	3	0
7	4	1	4	0
7	4	2	4	583 Sp0
7	4	3	4	436 Sp0
7	4	4	4	583 Sp0
7	4	5	4	436 Sp0
7	4	6	4	583 Sp0
7	4	7	4	436 Sp0
7	4	8	4	164 Sp8
7	4	9	4	38 Sp8
7	4	10	4	164 Sp8
7	4	11	4	38 Sp8
7	4	12	4	164 Sp8
7	4	13	4	38 Sp8
7	4	14	4	0
7	4	1	5	0
7	4	2	5	0
7	4	3	5	460 Sp21
7	4	4	5	0
7	4	5	5	460 Sp21
7	4	6	5	0
7	4	7	5	460 Sp21
7	4	8	5	195 Sp12
7	4	9	5	57 Sp0
7	4	10	5	195 Sp12
7	4	11	5	57 Sp0
7	4	12	5	195 Sp12
7	4	13	5	57 Sp0
7	4	14	5	0
7	4	1	6	0
7	4	2	6	0
7	4	3	6	489Sp21
7	4	4	6	0
7	4	5	6	489Sp21
7	4	6	6	0
7	4	7	6	489Sp21
7	4	8	6	231 Sp0
7	4	9	6	78 Sp0
7	4	10	6	231 Sp0
7	4	11	6	78 Sp0
7	4	12	6	231 Sp0
7	4	13	6	78 Sp0
7	4	14	6	0
7	4	1	7	0
7	4	2	7	0
7	4	3	7	460 Sp21
7	4	4	7	0
7	4	5	7	460 Sp21
7	4	6	7	0
7	4	7	7	460 Sp21
7	4	8	7	195 Sp12
7	4	9	7	57 Sp0
7	4	10	7	195 Sp12
7	4	11	7	57 Sp0
7	4	12	7	195 Sp12
7	4	13	7	57 Sp0
7	4	14	7	0
7	4	1	8	0
7	4	2	8	0
7	4	3	8	489Sp21
7	4	4	8	0
7	4	5	8	489Sp21
7	4	6	8	0
7	4	7	8	489Sp21
7	4	8	8	231 Sp0
7	4	9	8	78 Sp0
7	4	10	8	231 Sp0
7	4	11	8	78 Sp0
7	4	12	8	231 Sp0
7	4	13	8	78 Sp0
7	4	14	8	0
7	4	1	9	0
7	4	2	9	0
7	4	3	9	518 Sp21
7	4	4	9	0
7	4	5	9	518 Sp21
7	4	6	9	0
7	4	7	9	518 Sp21
7	4	8	9	254 Sp8
7	4	9	9	103 Sp0
7	4	10	9	254 Sp8
7	4	11	9	103 Sp0
7	4	12	9	254 Sp8
7	4	13	9	103 Sp0
7	4	14	9	0
7	4	1	10	Grid Marker
7	4	2	10	0
7	4	3	10	541 Sp8
7	4	4	10	0
7	4	5	10	541 Sp8
7	4	6	10	0
7	4	7	10	541 Sp8
7	4	8	10	278 Sp8
7	4	9	10	122 Sp8
7	4	10	10	278 Sp8
7	4	11	10	122 Sp8
7	4	12	10	278 Sp8
7	4	13	10	122 Sp8
7	4	14	10	0
7	4	1	11	Grid Marker
7	4	2	11	0
7	4	3	11	518 Sp21
7	4	4	11	0
7	4	5	11	518 Sp21
7	4	6	11	0
7	4	7	11	518 Sp21
7	4	8	11	254 Sp8
7	4	9	11	103 Sp0
7	4	10	11	254 Sp8
7	4	11	11	103 Sp0
7	4	12	11	254 Sp8
7	4	13	11	103 Sp0
7	4	14	11	0
7	4	1	12	Grid Marker
7	4	2	12	0
7	4	3	12	541 Sp8
7	4	4	12	0
7	4	5	12	541 Sp8
7	4	6	12	0
7	4	7	12	541 Sp8
7	4	8	12	278 Sp8
7	4	9	12	122 Sp8
7	4	10	12	278 Sp8
7	4	11	12	122 Sp8
7	4	12	12	278 Sp8
7	4	13	12	122 Sp8
7	4	14	12	0
8	1	1	1	0
8	1	2	1	550 Sp0
8	1	3	1	396 Sp20
8	1	4	1	550 Sp0
8	1	5	1	396 Sp20
8	1	6	1	550 Sp0
8	1	7	1	396 Sp20
8	1	8	1	131 Sp8
8	1	9	1	7 Sp8
8	1	10	1	131 Sp8
8	1	11	1	7 Sp8
8	1	12	1	131 Sp8
8	1	13	1	7 Sp8
8	1	14	1	Grid Marker
8	1	1	2	0
8	1	2	2	572 Sp12
8	1	3	2	420 Sp19
8	1	4	2	572 Sp12
8	1	5	2	420 Sp19
8	1	6	2	572 Sp12
8	1	7	2	420 Sp19
8	1	8	2	153 Sp8
8	1	9	2	26 Sp8
8	1	10	2	153 Sp8
8	1	11	2	26 Sp8
8	1	12	2	153 Sp8
8	1	13	2	26 Sp8
8	1	14	2	Grid Marker
8	1	1	3	0
8	1	2	3	550 Sp0
8	1	3	3	396 Sp20
8	1	4	3	550 Sp0
8	1	5	3	396 Sp20
8	1	6	3	550 Sp0
8	1	7	3	396 Sp20
8	1	8	3	131 Sp8
8	1	9	3	7 Sp8
8	1	10	3	131 Sp8
8	1	11	3	7 Sp8
8	1	12	3	131 Sp8
8	1	13	3	7 Sp8
8	1	14	3	0
8	1	1	4	0
8	1	2	4	572 Sp12
8	1	3	4	420 Sp19
8	1	4	4	572 Sp12
8	1	5	4	420 Sp19
8	1	6	4	572 Sp12
8	1	7	4	420 Sp19
8	1	8	4	153 Sp8
8	1	9	4	26 Sp8
8	1	10	4	153 Sp8
8	1	11	4	26 Sp8
8	1	12	4	153 Sp8
8	1	13	4	26 Sp8
8	1	14	4	0
8	1	1	5	0
8	1	2	5	0
8	1	3	5	445 Sp22
8	1	4	5	0
8	1	5	5	445 Sp22
8	1	6	5	0
8	1	7	5	445 Sp22
8	1	8	5	179 Sp8
8	1	9	5	47 Sp8
8	1	10	5	179 Sp8
8	1	11	5	47 Sp8
8	1	12	5	179 Sp8
8	1	13	5	47 Sp8
8	1	14	5	0
8	1	1	6	0
8	1	2	6	0
8	1	3	6	470 Sp0
8	1	4	6	0
8	1	5	6	470 Sp0
8	1	6	6	0
8	1	7	6	470 Sp0
8	1	8	6	211 Sp8
8	1	9	6	64 Sp8
8	1	10	6	211 Sp8
8	1	11	6	64 Sp8
8	1	12	6	211 Sp8
8	1	13	6	64 Sp8
8	1	14	6	0
8	1	1	7	0
8	1	2	7	0
8	1	3	7	445 Sp22
8	1	4	7	0
8	1	5	7	445 Sp22
8	1	6	7	0
8	1	7	7	445 Sp22
8	1	8	7	179 Sp8
8	1	9	7	47 Sp8
8	1	10	7	179 Sp8
8	1	11	7	47 Sp8
8	1	12	7	179 Sp8
8	1	13	7	47 Sp8
8	1	14	7	0
8	1	1	8	0
8	1	2	8	0
8	1	3	8	470 Sp0
8	1	4	8	0
8	1	5	8	470 Sp0
8	1	6	8	0
8	1	7	8	470 Sp0
8	1	8	8	211 Sp8
8	1	9	8	64 Sp8
8	1	10	8	211 Sp8
8	1	11	8	64 Sp8
8	1	12	8	211 Sp8
8	1	13	8	64 Sp8
8	1	14	8	0
8	1	1	9	0
8	1	2	9	0
8	1	3	9	504 Sp24
8	1	4	9	0
8	1	5	9	504 Sp24
8	1	6	9	0
8	1	7	9	504 Sp24
8	1	8	9	243 Sp8
8	1	9	9	93 Sp8
8	1	10	9	243 Sp8
8	1	11	9	93 Sp8
8	1	12	9	243 Sp8
8	1	13	9	93 Sp8
8	1	14	9	0
8	1	1	10	Grid Marker
8	1	2	10	0
8	1	3	10	527 Sp14
8	1	4	10	0
8	1	5	10	527 Sp14
8	1	6	10	0
8	1	7	10	527 Sp14
8	1	8	10	263 Sp8
8	1	9	10	110 Sp8
8	1	10	10	263 Sp8
8	1	11	10	110 Sp8
8	1	12	10	263 Sp8
8	1	13	10	110 Sp8
8	1	14	10	0
8	1	1	11	Grid Marker
8	1	2	11	0
8	1	3	11	504 Sp24
8	1	4	11	0
8	1	5	11	504 Sp24
8	1	6	11	0
8	1	7	11	504 Sp24
8	1	8	11	243 Sp8
8	1	9	11	93 Sp8
8	1	10	11	243 Sp8
8	1	11	11	93 Sp8
8	1	12	11	243 Sp8
8	1	13	11	93 Sp8
8	1	14	11	0
8	1	1	12	Grid Marker
8	1	2	12	0
8	1	3	12	527 Sp14
8	1	4	12	0
8	1	5	12	527 Sp14
8	1	6	12	0
8	1	7	12	527 Sp14
8	1	8	12	263 Sp8
8	1	9	12	110 Sp8
8	1	10	12	263 Sp8
8	1	11	12	110 Sp8
8	1	12	12	263 Sp8
8	1	13	12	110 Sp8
8	1	14	12	0
8	2	1	1	0
8	2	2	1	551 Sp14
8	2	3	1	397 Sp20
8	2	4	1	551 Sp14
8	2	5	1	397 Sp20
8	2	6	1	551 Sp14
8	2	7	1	397 Sp20
8	2	8	1	132 Sp0
8	2	9	1	8 Sp8
8	2	10	1	132 Sp0
8	2	11	1	8 Sp8
8	2	12	1	132 Sp0
8	2	13	1	8 Sp8
8	2	14	1	Grid Marker
8	2	1	2	0
8	2	2	2	573 Sp24
8	2	3	2	421 Sp12
8	2	4	2	573 Sp24
8	2	5	2	421 Sp12
8	2	6	2	573 Sp24
8	2	7	2	421 Sp12
8	2	8	2	153Sp23
8	2	9	2	27 Sp0
8	2	10	2	153Sp23
8	2	11	2	27 Sp0
8	2	12	2	153Sp23
8	2	13	2	27 Sp0
8	2	14	2	Grid Marker
8	2	1	3	0
8	2	2	3	551 Sp14
8	2	3	3	397 Sp20
8	2	4	3	551 Sp14
8	2	5	3	397 Sp20
8	2	6	3	551 Sp14
8	2	7	3	397 Sp20
8	2	8	3	132 Sp0
8	2	9	3	8 Sp8
8	2	10	3	132 Sp0
8	2	11	3	8 Sp8
8	2	12	3	132 Sp0
8	2	13	3	8 Sp8
8	2	14	3	0
8	2	1	4	0
8	2	2	4	573 Sp24
8	2	3	4	421 Sp12
8	2	4	4	573 Sp24
8	2	5	4	421 Sp12
8	2	6	4	573 Sp24
8	2	7	4	421 Sp12
8	2	8	4	153Sp23
8	2	9	4	27 Sp0
8	2	10	4	153Sp23
8	2	11	4	27 Sp0
8	2	12	4	153Sp23
8	2	13	4	27 Sp0
8	2	14	4	0
8	2	1	5	0
8	2	2	5	0
8	2	3	5	446 Sp19
8	2	4	5	0
8	2	5	5	446 Sp19
8	2	6	5	0
8	2	7	5	446 Sp19
8	2	8	5	180 Sp8
8	2	9	5	48 Sp12
8	2	10	5	180 Sp8
8	2	11	5	48 Sp12
8	2	12	5	180 Sp8
8	2	13	5	48 Sp12
8	2	14	5	0
8	2	1	6	0
8	2	2	6	0
8	2	3	6	471 Sp12
8	2	4	6	0
8	2	5	6	471 Sp12
8	2	6	6	0
8	2	7	6	471 Sp12
8	2	8	6	212 Sp0
8	2	9	6	65 Sp0
8	2	10	6	212 Sp0
8	2	11	6	65 Sp0
8	2	12	6	212 Sp0
8	2	13	6	65 Sp0
8	2	14	6	0
8	2	1	7	0
8	2	2	7	0
8	2	3	7	446 Sp19
8	2	4	7	0
8	2	5	7	446 Sp19
8	2	6	7	0
8	2	7	7	446 Sp19
8	2	8	7	180 Sp8
8	2	9	7	48 Sp12
8	2	10	7	180 Sp8
8	2	11	7	48 Sp12
8	2	12	7	180 Sp8
8	2	13	7	48 Sp12
8	2	14	7	0
8	2	1	8	0
8	2	2	8	0
8	2	3	8	471 Sp12
8	2	4	8	0
8	2	5	8	471 Sp12
8	2	6	8	0
8	2	7	8	471 Sp12
8	2	8	8	212 Sp0
8	2	9	8	65 Sp0
8	2	10	8	212 Sp0
8	2	11	8	65 Sp0
8	2	12	8	212 Sp0
8	2	13	8	65 Sp0
8	2	14	8	0
8	2	1	9	0
8	2	2	9	0
8	2	3	9	505 Sp19
8	2	4	9	0
8	2	5	9	505 Sp19
8	2	6	9	0
8	2	7	9	505 Sp19
8	2	8	9	244 Sp8
8	2	9	9	94 Sp0
8	2	10	9	244 Sp8
8	2	11	9	94 Sp0
8	2	12	9	244 Sp8
8	2	13	9	94 Sp0
8	2	14	9	0
8	2	1	10	Grid Marker
8	2	2	10	0
8	2	3	10	528 Sp0
8	2	4	10	0
8	2	5	10	528 Sp0
8	2	6	10	0
8	2	7	10	528 Sp0
8	2	8	10	264 Sp0
8	2	9	10	111 Sp8
8	2	10	10	264 Sp0
8	2	11	10	111 Sp8
8	2	12	10	264 Sp0
8	2	13	10	111 Sp8
8	2	14	10	0
8	2	1	11	Grid Marker
8	2	2	11	0
8	2	3	11	505 Sp19
8	2	4	11	0
8	2	5	11	505 Sp19
8	2	6	11	0
8	2	7	11	505 Sp19
8	2	8	11	244 Sp8
8	2	9	11	94 Sp0
8	2	10	11	244 Sp8
8	2	11	11	94 Sp0
8	2	12	11	244 Sp8
8	2	13	11	94 Sp0
8	2	14	11	0
8	2	1	12	Grid Marker
8	2	2	12	0
8	2	3	12	528 Sp0
8	2	4	12	0
8	2	5	12	528 Sp0
8	2	6	12	0
8	2	7	12	528 Sp0
8	2	8	12	264 Sp0
8	2	9	12	111 Sp8
8	2	10	12	264 Sp0
8	2	11	12	111 Sp8
8	2	12	12	264 Sp0
8	2	13	12	111 Sp8
8	2	14	12	0
8	3	1	1	0
8	3	2	1	561 Sp0
8	3	3	1	408 Sp21
8	3	4	1	561 Sp0
8	3	5	1	408 Sp21
8	3	6	1	561 Sp0
8	3	7	1	408 Sp21
8	3	8	1	141 Sp8
8	3	9	1	16 Sp8
8	3	10	1	141 Sp8
8	3	11	1	16 Sp8
8	3	12	1	141 Sp8
8	3	13	1	16 Sp8
8	3	14	1	Grid Marker
8	3	1	2	0
8	3	2	2	580 Sp25
8	3	3	2	432 Sp8
8	3	4	2	580 Sp25
8	3	5	2	432 Sp8
8	3	6	2	580 Sp25
8	3	7	2	432 Sp8
8	3	8	2	162 Sp14
8	3	9	2	34 Sp8
8	3	10	2	162 Sp14
8	3	11	2	34 Sp8
8	3	12	2	162 Sp14
8	3	13	2	34 Sp8
8	3	14	2	Grid Marker
8	3	1	3	0
8	3	2	3	561 Sp0
8	3	3	3	408 Sp21
8	3	4	3	561 Sp0
8	3	5	3	408 Sp21
8	3	6	3	561 Sp0
8	3	7	3	408 Sp21
8	3	8	3	141 Sp8
8	3	9	3	16 Sp8
8	3	10	3	141 Sp8
8	3	11	3	16 Sp8
8	3	12	3	141 Sp8
8	3	13	3	16 Sp8
8	3	14	3	0
8	3	1	4	0
8	3	2	4	580 Sp25
8	3	3	4	432 Sp8
8	3	4	4	580 Sp25
8	3	5	4	432 Sp8
8	3	6	4	580 Sp25
8	3	7	4	432 Sp8
8	3	8	4	162 Sp14
8	3	9	4	34 Sp8
8	3	10	4	162 Sp14
8	3	11	4	34 Sp8
8	3	12	4	162 Sp14
8	3	13	4	34 Sp8
8	3	14	4	0
8	3	1	5	0
8	3	2	5	0
8	3	3	5	457 Sp21
8	3	4	5	0
8	3	5	5	457 Sp21
8	3	6	5	0
8	3	7	5	457 Sp21
8	3	8	5	190 Sp9
8	3	9	5	54 Sp8
8	3	10	5	190 Sp9
8	3	11	5	54 Sp8
8	3	12	5	190 Sp9
8	3	13	5	54 Sp8
8	3	14	5	0
8	3	1	6	0
8	3	2	6	0
8	3	3	6	485 Sp21
8	3	4	6	0
8	3	5	6	485 Sp21
8	3	6	6	0
8	3	7	6	485 Sp21
8	3	8	6	229 Sp8
8	3	9	6	76 Sp0
8	3	10	6	229 Sp8
8	3	11	6	76 Sp0
8	3	12	6	229 Sp8
8	3	13	6	76 Sp0
8	3	14	6	0
8	3	1	7	0
8	3	2	7	0
8	3	3	7	457 Sp21
8	3	4	7	0
8	3	5	7	457 Sp21
8	3	6	7	0
8	3	7	7	457 Sp21
8	3	8	7	190 Sp9
8	3	9	7	54 Sp8
8	3	10	7	190 Sp9
8	3	11	7	54 Sp8
8	3	12	7	190 Sp9
8	3	13	7	54 Sp8
8	3	14	7	0
8	3	1	8	0
8	3	2	8	0
8	3	3	8	485 Sp21
8	3	4	8	0
8	3	5	8	485 Sp21
8	3	6	8	0
8	3	7	8	485 Sp21
8	3	8	8	229 Sp8
8	3	9	8	76 Sp0
8	3	10	8	229 Sp8
8	3	11	8	76 Sp0
8	3	12	8	229 Sp8
8	3	13	8	76 Sp0
8	3	14	8	0
8	3	1	9	0
8	3	2	9	0
8	3	3	9	515 Sp24
8	3	4	9	0
8	3	5	9	515 Sp24
8	3	6	9	0
8	3	7	9	515 Sp24
8	3	8	9	252 Sp0
8	3	9	9	100 Sp16
8	3	10	9	252 Sp0
8	3	11	9	100 Sp16
8	3	12	9	252 Sp0
8	3	13	9	100 Sp16
8	3	14	9	0
8	3	1	10	Grid Marker
8	3	2	10	0
8	3	3	10	538 Sp14
8	3	4	10	0
8	3	5	10	538 Sp14
8	3	6	10	0
8	3	7	10	538 Sp14
8	3	8	10	274 Sp0
8	3	9	10	120 Sp14
8	3	10	10	274 Sp0
8	3	11	10	120 Sp14
8	3	12	10	274 Sp0
8	3	13	10	120 Sp14
8	3	14	10	0
8	3	1	11	Grid Marker
8	3	2	11	0
8	3	3	11	515 Sp24
8	3	4	11	0
8	3	5	11	515 Sp24
8	3	6	11	0
8	3	7	11	515 Sp24
8	3	8	11	252 Sp0
8	3	9	11	100 Sp16
8	3	10	11	252 Sp0
8	3	11	11	100 Sp16
8	3	12	11	252 Sp0
8	3	13	11	100 Sp16
8	3	14	11	0
8	3	1	12	Grid Marker
8	3	2	12	0
8	3	3	12	538 Sp14
8	3	4	12	0
8	3	5	12	538 Sp14
8	3	6	12	0
8	3	7	12	538 Sp14
8	3	8	12	274 Sp0
8	3	9	12	120 Sp14
8	3	10	12	274 Sp0
8	3	11	12	120 Sp14
8	3	12	12	274 Sp0
8	3	13	12	120 Sp14
8	3	14	12	0
8	4	1	1	0
8	4	2	1	0
8	4	3	1	409 Sp21
8	4	4	1	0
8	4	5	1	409 Sp21
8	4	6	1	0
8	4	7	1	409 Sp21
8	4	8	1	142 Sp8
8	4	9	1	17 Sp8
8	4	10	1	142 Sp8
8	4	11	1	17 Sp8
8	4	12	1	142 Sp8
8	4	13	1	17 Sp8
8	4	14	1	Grid Marker
8	4	1	2	0
8	4	2	2	581 Sp0
8	4	3	2	434 Sp21
8	4	4	2	581 Sp0
8	4	5	2	434 Sp21
8	4	6	2	581 Sp0
8	4	7	2	434 Sp21
8	4	8	2	163 Sp8
8	4	9	2	35 Sp8
8	4	10	2	163 Sp8
8	4	11	2	35 Sp8
8	4	12	2	163 Sp8
8	4	13	2	35 Sp8
8	4	14	2	Grid Marker
8	4	1	3	0
8	4	2	3	0
8	4	3	3	409 Sp21
8	4	4	3	0
8	4	5	3	409 Sp21
8	4	6	3	0
8	4	7	3	409 Sp21
8	4	8	3	142 Sp8
8	4	9	3	17 Sp8
8	4	10	3	142 Sp8
8	4	11	3	17 Sp8
8	4	12	3	142 Sp8
8	4	13	3	17 Sp8
8	4	14	3	0
8	4	1	4	0
8	4	2	4	581 Sp0
8	4	3	4	434 Sp21
8	4	4	4	581 Sp0
8	4	5	4	434 Sp21
8	4	6	4	581 Sp0
8	4	7	4	434 Sp21
8	4	8	4	163 Sp8
8	4	9	4	35 Sp8
8	4	10	4	163 Sp8
8	4	11	4	35 Sp8
8	4	12	4	163 Sp8
8	4	13	4	35 Sp8
8	4	14	4	0
8	4	1	5	0
8	4	2	5	0
8	4	3	5	458 Sp21
8	4	4	5	0
8	4	5	5	458 Sp21
8	4	6	5	0
8	4	7	5	458 Sp21
8	4	8	5	191 Sp9
8	4	9	5	56 Sp8
8	4	10	5	191 Sp9
8	4	11	5	56 Sp8
8	4	12	5	191 Sp9
8	4	13	5	56 Sp8
8	4	14	5	0
8	4	1	6	0
8	4	2	6	0
8	4	3	6	486 Sp22
8	4	4	6	0
8	4	5	6	486 Sp22
8	4	6	6	0
8	4	7	6	486 Sp22
8	4	8	6	230 Sp0
8	4	9	6	77 Sp0
8	4	10	6	230 Sp0
8	4	11	6	77 Sp0
8	4	12	6	230 Sp0
8	4	13	6	77 Sp0
8	4	14	6	0
8	4	1	7	0
8	4	2	7	0
8	4	3	7	458 Sp21
8	4	4	7	0
8	4	5	7	458 Sp21
8	4	6	7	0
8	4	7	7	458 Sp21
8	4	8	7	191 Sp9
8	4	9	7	56 Sp8
8	4	10	7	191 Sp9
8	4	11	7	56 Sp8
8	4	12	7	191 Sp9
8	4	13	7	56 Sp8
8	4	14	7	0
8	4	1	8	0
8	4	2	8	0
8	4	3	8	486 Sp22
8	4	4	8	0
8	4	5	8	486 Sp22
8	4	6	8	0
8	4	7	8	486 Sp22
8	4	8	8	230 Sp0
8	4	9	8	77 Sp0
8	4	10	8	230 Sp0
8	4	11	8	77 Sp0
8	4	12	8	230 Sp0
8	4	13	8	77 Sp0
8	4	14	8	0
8	4	1	9	0
8	4	2	9	0
8	4	3	9	516 Sp19
8	4	4	9	0
8	4	5	9	516 Sp19
8	4	6	9	0
8	4	7	9	516 Sp19
8	4	8	9	253 Sp0
8	4	9	9	101 Sp8
8	4	10	9	253 Sp0
8	4	11	9	101 Sp8
8	4	12	9	253 Sp0
8	4	13	9	101 Sp8
8	4	14	9	0
8	4	1	10	Grid Marker
8	4	2	10	0
8	4	3	10	539 Sp21
8	4	4	10	0
8	4	5	10	539 Sp21
8	4	6	10	0
8	4	7	10	539 Sp21
8	4	8	10	275 Sp0
8	4	9	10	121 Sp8
8	4	10	10	275 Sp0
8	4	11	10	121 Sp8
8	4	12	10	275 Sp0
8	4	13	10	121 Sp8
8	4	14	10	0
8	4	1	11	Grid Marker
8	4	2	11	0
8	4	3	11	516 Sp19
8	4	4	11	0
8	4	5	11	516 Sp19
8	4	6	11	0
8	4	7	11	516 Sp19
8	4	8	11	253 Sp0
8	4	9	11	101 Sp8
8	4	10	11	253 Sp0
8	4	11	11	101 Sp8
8	4	12	11	253 Sp0
8	4	13	11	101 Sp8
8	4	14	11	0
8	4	1	12	Grid Marker
8	4	2	12	0
8	4	3	12	539 Sp21
8	4	4	12	0
8	4	5	12	539 Sp21
8	4	6	12	0
8	4	7	12	539 Sp21
8	4	8	12	275 Sp0
8	4	9	12	121 Sp8
8	4	10	12	275 Sp0
8	4	11	12	121 Sp8
8	4	12	12	275 Sp0
8	4	13	12	121 Sp8
8	4	14	12	0
