1	1	1	1	0
1	1	1	2	0
1	1	1	3	0
1	1	1	4	0
1	1	1	5	0
1	1	1	6	0
1	1	1	7	0
1	1	1	8	0
1	1	1	9	0
1	1	1	10	0
1	1	1	11	BIO
1	1	1	12	BIO
1	1	2	1	522Sp14
1	1	2	2	530Sp14
1	1	2	3	522Sp14
1	1	2	4	530Sp14
1	1	2	5	522Sp14
1	1	2	6	530Sp14
1	1	2	7	538Sp14
1	1	2	8	546Sp8
1	1	2	9	538Sp14
1	1	2	10	546Sp8
1	1	2	11	538Sp14
1	1	2	12	546Sp8
1	1	3	1	314Sp0
1	1	3	2	346Sp12
1	1	3	3	314Sp0
1	1	3	4	346Sp12
1	1	3	5	314Sp0
1	1	3	6	346Sp12
1	1	3	7	372Sp12
1	1	3	8	398Sp20
1	1	3	9	372Sp12
1	1	3	10	398Sp20
1	1	3	11	372Sp12
1	1	3	12	398Sp20
1	1	4	1	522Sp14
1	1	4	2	530Sp14
1	1	4	3	522Sp14
1	1	4	4	530Sp14
1	1	4	5	522Sp14
1	1	4	6	530Sp14
1	1	4	7	538Sp14
1	1	4	8	546Sp8
1	1	4	9	538Sp14
1	1	4	10	546Sp8
1	1	4	11	538Sp14
1	1	4	12	546Sp8
1	1	5	1	314Sp0
1	1	5	2	346Sp12
1	1	5	3	314Sp0
1	1	5	4	346Sp12
1	1	5	5	314Sp0
1	1	5	6	346Sp12
1	1	5	7	372Sp12
1	1	5	8	398Sp20
1	1	5	9	372Sp12
1	1	5	10	398Sp20
1	1	5	11	372Sp12
1	1	5	12	398Sp20
1	1	6	1	185Sp8
1	1	6	2	223Sp0
1	1	6	3	185Sp8
1	1	6	4	223Sp0
1	1	6	5	185Sp8
1	1	6	6	223Sp0
1	1	6	7	249Sp8
1	1	6	8	272Sp8
1	1	6	9	249Sp8
1	1	6	10	272Sp8
1	1	6	11	249Sp8
1	1	6	12	272Sp8
1	1	7	1	93Sp8
1	1	7	2	112Sp8
1	1	7	3	93Sp8
1	1	7	4	112Sp8
1	1	7	5	93Sp8
1	1	7	6	112Sp8
1	1	7	7	134Sp8
1	1	7	8	156Sp8
1	1	7	9	134Sp8
1	1	7	10	156Sp8
1	1	7	11	134Sp8
1	1	7	12	156Sp8
1	1	8	1	185Sp8
1	1	8	2	223Sp0
1	1	8	3	185Sp8
1	1	8	4	223Sp0
1	1	8	5	185Sp8
1	1	8	6	223Sp0
1	1	8	7	249Sp8
1	1	8	8	272Sp8
1	1	8	9	249Sp8
1	1	8	10	272Sp8
1	1	8	11	249Sp8
1	1	8	12	272Sp8
1	1	9	1	93Sp8
1	1	9	2	112Sp8
1	1	9	3	93Sp8
1	1	9	4	112Sp8
1	1	9	5	93Sp8
1	1	9	6	112Sp8
1	1	9	7	134Sp8
1	1	9	8	156Sp8
1	1	9	9	134Sp8
1	1	9	10	156Sp8
1	1	9	11	134Sp8
1	1	9	12	156Sp8
1	1	10	1	BIO
1	1	10	2	BIO
1	1	10	3	0
1	1	10	4	0
1	1	10	5	0
1	1	10	6	0
1	1	10	7	0
1	1	10	8	0
1	1	10	9	0
1	1	10	10	0
1	1	10	11	0
1	1	10	12	0
1	2	1	1	0
1	2	1	2	0
1	2	1	3	0
1	2	1	4	0
1	2	1	5	0
1	2	1	6	0
1	2	1	7	0
1	2	1	8	0
1	2	1	9	0
1	2	1	10	0
1	2	1	11	BIO
1	2	1	12	BIO
1	2	2	1	523Sp14
1	2	2	2	531Sp0
1	2	2	3	523Sp14
1	2	2	4	531Sp0
1	2	2	5	523Sp14
1	2	2	6	531Sp0
1	2	2	7	539Sp21
1	2	2	8	547Sp8
1	2	2	9	539Sp21
1	2	2	10	547Sp8
1	2	2	11	539Sp21
1	2	2	12	547Sp8
1	2	3	1	315Sp0
1	2	3	2	347Sp20
1	2	3	3	315Sp0
1	2	3	4	347Sp20
1	2	3	5	315Sp0
1	2	3	6	347Sp20
1	2	3	7	373Sp12
1	2	3	8	399Sp19
1	2	3	9	373Sp12
1	2	3	10	399Sp19
1	2	3	11	373Sp12
1	2	3	12	399Sp19
1	2	4	1	523Sp14
1	2	4	2	531Sp0
1	2	4	3	523Sp14
1	2	4	4	531Sp0
1	2	4	5	523Sp14
1	2	4	6	531Sp0
1	2	4	7	539Sp21
1	2	4	8	547Sp8
1	2	4	9	539Sp21
1	2	4	10	547Sp8
1	2	4	11	539Sp21
1	2	4	12	547Sp8
1	2	5	1	315Sp0
1	2	5	2	347Sp20
1	2	5	3	315Sp0
1	2	5	4	347Sp20
1	2	5	5	315Sp0
1	2	5	6	347Sp20
1	2	5	7	373Sp12
1	2	5	8	399Sp19
1	2	5	9	373Sp12
1	2	5	10	399Sp19
1	2	5	11	373Sp12
1	2	5	12	399Sp19
1	2	6	1	186Sp8
1	2	6	2	224Sp0
1	2	6	3	186Sp8
1	2	6	4	224Sp0
1	2	6	5	186Sp8
1	2	6	6	224Sp0
1	2	6	7	250Sp8
1	2	6	8	273Sp8
1	2	6	9	250Sp8
1	2	6	10	273Sp8
1	2	6	11	250Sp8
1	2	6	12	273Sp8
1	2	7	1	94Sp0
1	2	7	2	113Sp0
1	2	7	3	94Sp0
1	2	7	4	113Sp0
1	2	7	5	94Sp0
1	2	7	6	113Sp0
1	2	7	7	136Sp0
1	2	7	8	158Sp8
1	2	7	9	136Sp0
1	2	7	10	158Sp8
1	2	7	11	136Sp0
1	2	7	12	158Sp8
1	2	8	1	186Sp8
1	2	8	2	224Sp0
1	2	8	3	186Sp8
1	2	8	4	224Sp0
1	2	8	5	186Sp8
1	2	8	6	224Sp0
1	2	8	7	250Sp8
1	2	8	8	273Sp8
1	2	8	9	250Sp8
1	2	8	10	273Sp8
1	2	8	11	250Sp8
1	2	8	12	273Sp8
1	2	9	1	94Sp0
1	2	9	2	113Sp0
1	2	9	3	94Sp0
1	2	9	4	113Sp0
1	2	9	5	94Sp0
1	2	9	6	113Sp0
1	2	9	7	136Sp0
1	2	9	8	158Sp8
1	2	9	9	136Sp0
1	2	9	10	158Sp8
1	2	9	11	136Sp0
1	2	9	12	158Sp8
1	2	10	1	BIO
1	2	10	2	BIO
1	2	10	3	0
1	2	10	4	0
1	2	10	5	0
1	2	10	6	0
1	2	10	7	0
1	2	10	8	0
1	2	10	9	0
1	2	10	10	0
1	2	10	11	0
1	2	10	12	0
1	3	1	1	0
1	3	1	2	0
1	3	1	3	0
1	3	1	4	0
1	3	1	5	0
1	3	1	6	0
1	3	1	7	0
1	3	1	8	0
1	3	1	9	0
1	3	1	10	0
1	3	1	11	BIO
1	3	1	12	BIO
1	3	2	1	526Sp14
1	3	2	2	534Sp8
1	3	2	3	526Sp14
1	3	2	4	534Sp8
1	3	2	5	526Sp14
1	3	2	6	534Sp8
1	3	2	7	542Sp8
1	3	2	8	550Sp0
1	3	2	9	542Sp8
1	3	2	10	550Sp0
1	3	2	11	542Sp8
1	3	2	12	550Sp0
1	3	3	1	330Sp10
1	3	3	2	360Sp0
1	3	3	3	330Sp10
1	3	3	4	360Sp0
1	3	3	5	330Sp10
1	3	3	6	360Sp0
1	3	3	7	386Sp20
1	3	3	8	410Sp21
1	3	3	9	386Sp20
1	3	3	10	410Sp21
1	3	3	11	386Sp20
1	3	3	12	410Sp21
1	3	4	1	526Sp14
1	3	4	2	534Sp8
1	3	4	3	526Sp14
1	3	4	4	534Sp8
1	3	4	5	526Sp14
1	3	4	6	534Sp8
1	3	4	7	542Sp8
1	3	4	8	550Sp0
1	3	4	9	542Sp8
1	3	4	10	550Sp0
1	3	4	11	542Sp8
1	3	4	12	550Sp0
1	3	5	1	330Sp10
1	3	5	2	360Sp0
1	3	5	3	330Sp10
1	3	5	4	360Sp0
1	3	5	5	330Sp10
1	3	5	6	360Sp0
1	3	5	7	386Sp20
1	3	5	8	410Sp21
1	3	5	9	386Sp20
1	3	5	10	410Sp21
1	3	5	11	386Sp20
1	3	5	12	410Sp21
1	3	6	1	200Sp9
1	3	6	2	236Sp8
1	3	6	3	200Sp9
1	3	6	4	236Sp8
1	3	6	5	200Sp9
1	3	6	6	236Sp8
1	3	6	7	260Sp0
1	3	6	8	286Sp0
1	3	6	9	260Sp0
1	3	6	10	286Sp0
1	3	6	11	260Sp0
1	3	6	12	286Sp0
1	3	7	1	101Sp8
1	3	7	2	123Sp10
1	3	7	3	101Sp8
1	3	7	4	123Sp10
1	3	7	5	101Sp8
1	3	7	6	123Sp10
1	3	7	7	146Sp0
1	3	7	8	168Sp8
1	3	7	9	146Sp0
1	3	7	10	168Sp8
1	3	7	11	146Sp0
1	3	7	12	168Sp8
1	3	8	1	200Sp9
1	3	8	2	236Sp8
1	3	8	3	200Sp9
1	3	8	4	236Sp8
1	3	8	5	200Sp9
1	3	8	6	236Sp8
1	3	8	7	260Sp0
1	3	8	8	286Sp0
1	3	8	9	260Sp0
1	3	8	10	286Sp0
1	3	8	11	260Sp0
1	3	8	12	286Sp0
1	3	9	1	101Sp8
1	3	9	2	123Sp10
1	3	9	3	101Sp8
1	3	9	4	123Sp10
1	3	9	5	101Sp8
1	3	9	6	123Sp10
1	3	9	7	146Sp0
1	3	9	8	168Sp8
1	3	9	9	146Sp0
1	3	9	10	168Sp8
1	3	9	11	146Sp0
1	3	9	12	168Sp8
1	3	10	1	BIO
1	3	10	2	BIO
1	3	10	3	0
1	3	10	4	0
1	3	10	5	0
1	3	10	6	0
1	3	10	7	0
1	3	10	8	0
1	3	10	9	0
1	3	10	10	0
1	3	10	11	0
1	3	10	12	0
1	4	1	1	0
1	4	1	2	0
1	4	1	3	0
1	4	1	4	0
1	4	1	5	0
1	4	1	6	0
1	4	1	7	0
1	4	1	8	0
1	4	1	9	0
1	4	1	10	0
1	4	1	11	BIO
1	4	1	12	BIO
1	4	2	1	527Sp14
1	4	2	2	535Sp8
1	4	2	3	527Sp14
1	4	2	4	535Sp8
1	4	2	5	527Sp14
1	4	2	6	535Sp8
1	4	2	7	543Sp8
1	4	2	8	0
1	4	2	9	543Sp8
1	4	2	10	0
1	4	2	11	543Sp8
1	4	2	12	0
1	4	3	1	331Sp9
1	4	3	2	361Sp0
1	4	3	3	331Sp9
1	4	3	4	361Sp0
1	4	3	5	331Sp9
1	4	3	6	361Sp0
1	4	3	7	387Sp20
1	4	3	8	411Sp21
1	4	3	9	387Sp20
1	4	3	10	411Sp21
1	4	3	11	387Sp20
1	4	3	12	411Sp21
1	4	4	1	527Sp14
1	4	4	2	535Sp8
1	4	4	3	527Sp14
1	4	4	4	535Sp8
1	4	4	5	527Sp14
1	4	4	6	535Sp8
1	4	4	7	543Sp8
1	4	4	8	0
1	4	4	9	543Sp8
1	4	4	10	0
1	4	4	11	543Sp8
1	4	4	12	0
1	4	5	1	331Sp9
1	4	5	2	361Sp0
1	4	5	3	331Sp9
1	4	5	4	361Sp0
1	4	5	5	331Sp9
1	4	5	6	361Sp0
1	4	5	7	387Sp20
1	4	5	8	411Sp21
1	4	5	9	387Sp20
1	4	5	10	411Sp21
1	4	5	11	387Sp20
1	4	5	12	411Sp21
1	4	6	1	203Sp12
1	4	6	2	237Sp8
1	4	6	3	203Sp12
1	4	6	4	237Sp8
1	4	6	5	203Sp12
1	4	6	6	237Sp8
1	4	6	7	261Sp0
1	4	6	8	287Sp8
1	4	6	9	261Sp0
1	4	6	10	287Sp8
1	4	6	11	261Sp0
1	4	6	12	287Sp8
1	4	7	1	102Sp8
1	4	7	2	126Sp8
1	4	7	3	102Sp8
1	4	7	4	126Sp8
1	4	7	5	102Sp8
1	4	7	6	126Sp8
1	4	7	7	147Sp0
1	4	7	8	169Sp8
1	4	7	9	147Sp0
1	4	7	10	169Sp8
1	4	7	11	147Sp0
1	4	7	12	169Sp8
1	4	8	1	203Sp12
1	4	8	2	237Sp8
1	4	8	3	203Sp12
1	4	8	4	237Sp8
1	4	8	5	203Sp12
1	4	8	6	237Sp8
1	4	8	7	261Sp0
1	4	8	8	287Sp8
1	4	8	9	261Sp0
1	4	8	10	287Sp8
1	4	8	11	261Sp0
1	4	8	12	287Sp8
1	4	9	1	102Sp8
1	4	9	2	126Sp8
1	4	9	3	102Sp8
1	4	9	4	126Sp8
1	4	9	5	102Sp8
1	4	9	6	126Sp8
1	4	9	7	147Sp0
1	4	9	8	169Sp8
1	4	9	9	147Sp0
1	4	9	10	169Sp8
1	4	9	11	147Sp0
1	4	9	12	169Sp8
1	4	10	1	BIO
1	4	10	2	BIO
1	4	10	3	0
1	4	10	4	0
1	4	10	5	0
1	4	10	6	0
1	4	10	7	0
1	4	10	8	0
1	4	10	9	0
1	4	10	10	0
1	4	10	11	0
1	4	10	12	0
2	1	1	1	0
2	1	1	2	0
2	1	1	3	0
2	1	1	4	0
2	1	1	5	0
2	1	1	6	0
2	1	1	7	0
2	1	1	8	0
2	1	1	9	0
2	1	1	10	0
2	1	1	11	BIO
2	1	1	12	BIO
2	1	2	1	520Sp14
2	1	2	2	528Sp0
2	1	2	3	520Sp14
2	1	2	4	528Sp0
2	1	2	5	520Sp14
2	1	2	6	528Sp0
2	1	2	7	536Sp8
2	1	2	8	544Sp8
2	1	2	9	536Sp8
2	1	2	10	544Sp8
2	1	2	11	536Sp8
2	1	2	12	544Sp8
2	1	3	1	312Sp8
2	1	3	2	343Sp19
2	1	3	3	312Sp8
2	1	3	4	343Sp19
2	1	3	5	312Sp8
2	1	3	6	343Sp19
2	1	3	7	370Sp12
2	1	3	8	396Sp20
2	1	3	9	370Sp12
2	1	3	10	396Sp20
2	1	3	11	370Sp12
2	1	3	12	396Sp20
2	1	4	1	520Sp14
2	1	4	2	528Sp0
2	1	4	3	520Sp14
2	1	4	4	528Sp0
2	1	4	5	520Sp14
2	1	4	6	528Sp0
2	1	4	7	536Sp8
2	1	4	8	544Sp8
2	1	4	9	536Sp8
2	1	4	10	544Sp8
2	1	4	11	536Sp8
2	1	4	12	544Sp8
2	1	5	1	312Sp8
2	1	5	2	343Sp19
2	1	5	3	312Sp8
2	1	5	4	343Sp19
2	1	5	5	312Sp8
2	1	5	6	343Sp19
2	1	5	7	370Sp12
2	1	5	8	396Sp20
2	1	5	9	370Sp12
2	1	5	10	396Sp20
2	1	5	11	370Sp12
2	1	5	12	396Sp20
2	1	6	1	183Sp8
2	1	6	2	220Sp14
2	1	6	3	183Sp8
2	1	6	4	220Sp14
2	1	6	5	183Sp8
2	1	6	6	220Sp14
2	1	6	7	248Sp0
2	1	6	8	271Sp0
2	1	6	9	248Sp0
2	1	6	10	271Sp0
2	1	6	11	248Sp0
2	1	6	12	271Sp0
2	1	7	1	92Sp0
2	1	7	2	110Sp8
2	1	7	3	92Sp0
2	1	7	4	110Sp8
2	1	7	5	92Sp0
2	1	7	6	110Sp8
2	1	7	7	133Sp10
2	1	7	8	154Sp8
2	1	7	9	133Sp10
2	1	7	10	154Sp8
2	1	7	11	133Sp10
2	1	7	12	154Sp8
2	1	8	1	183Sp8
2	1	8	2	220Sp14
2	1	8	3	183Sp8
2	1	8	4	220Sp14
2	1	8	5	183Sp8
2	1	8	6	220Sp14
2	1	8	7	248Sp0
2	1	8	8	271Sp0
2	1	8	9	248Sp0
2	1	8	10	271Sp0
2	1	8	11	248Sp0
2	1	8	12	271Sp0
2	1	9	1	92Sp0
2	1	9	2	110Sp8
2	1	9	3	92Sp0
2	1	9	4	110Sp8
2	1	9	5	92Sp0
2	1	9	6	110Sp8
2	1	9	7	133Sp10
2	1	9	8	154Sp8
2	1	9	9	133Sp10
2	1	9	10	154Sp8
2	1	9	11	133Sp10
2	1	9	12	154Sp8
2	1	10	1	BIO
2	1	10	2	BIO
2	1	10	3	0
2	1	10	4	0
2	1	10	5	0
2	1	10	6	0
2	1	10	7	0
2	1	10	8	0
2	1	10	9	0
2	1	10	10	0
2	1	10	11	0
2	1	10	12	0
2	2	1	1	0
2	2	1	2	0
2	2	1	3	0
2	2	1	4	0
2	2	1	5	0
2	2	1	6	0
2	2	1	7	0
2	2	1	8	0
2	2	1	9	0
2	2	1	10	0
2	2	1	11	BIO
2	2	1	12	BIO
2	2	2	1	521Sp14
2	2	2	2	529Sp0
2	2	2	3	521Sp14
2	2	2	4	529Sp0
2	2	2	5	521Sp14
2	2	2	6	529Sp0
2	2	2	7	537Sp14
2	2	2	8	545Sp8
2	2	2	9	537Sp14
2	2	2	10	545Sp8
2	2	2	11	537Sp14
2	2	2	12	545Sp8
2	2	3	1	313Sp12
2	2	3	2	345Sp12
2	2	3	3	313Sp12
2	2	3	4	345Sp12
2	2	3	5	313Sp12
2	2	3	6	345Sp12
2	2	3	7	371Sp12
2	2	3	8	397Sp20
2	2	3	9	371Sp12
2	2	3	10	397Sp20
2	2	3	11	371Sp12
2	2	3	12	397Sp20
2	2	4	1	521Sp14
2	2	4	2	529Sp0
2	2	4	3	521Sp14
2	2	4	4	529Sp0
2	2	4	5	521Sp14
2	2	4	6	529Sp0
2	2	4	7	537Sp14
2	2	4	8	545Sp8
2	2	4	9	537Sp14
2	2	4	10	545Sp8
2	2	4	11	537Sp14
2	2	4	12	545Sp8
2	2	5	1	313Sp12
2	2	5	2	345Sp12
2	2	5	3	313Sp12
2	2	5	4	345Sp12
2	2	5	5	313Sp12
2	2	5	6	345Sp12
2	2	5	7	371Sp12
2	2	5	8	397Sp20
2	2	5	9	371Sp12
2	2	5	10	397Sp20
2	2	5	11	371Sp12
2	2	5	12	397Sp20
2	2	6	1	184Sp8
2	2	6	2	221Sp0
2	2	6	3	184Sp8
2	2	6	4	221Sp0
2	2	6	5	184Sp8
2	2	6	6	221Sp0
2	2	6	7	249Sp0
2	2	6	8	271Sp8
2	2	6	9	249Sp0
2	2	6	10	271Sp8
2	2	6	11	249Sp0
2	2	6	12	271Sp8
2	2	7	1	92Sp8
2	2	7	2	111Sp8
2	2	7	3	92Sp8
2	2	7	4	111Sp8
2	2	7	5	92Sp8
2	2	7	6	111Sp8
2	2	7	7	134Sp0
2	2	7	8	155Sp8
2	2	7	9	134Sp0
2	2	7	10	155Sp8
2	2	7	11	134Sp0
2	2	7	12	155Sp8
2	2	8	1	184Sp8
2	2	8	2	221Sp0
2	2	8	3	184Sp8
2	2	8	4	221Sp0
2	2	8	5	184Sp8
2	2	8	6	221Sp0
2	2	8	7	249Sp0
2	2	8	8	271Sp8
2	2	8	9	249Sp0
2	2	8	10	271Sp8
2	2	8	11	249Sp0
2	2	8	12	271Sp8
2	2	9	1	92Sp8
2	2	9	2	111Sp8
2	2	9	3	92Sp8
2	2	9	4	111Sp8
2	2	9	5	92Sp8
2	2	9	6	111Sp8
2	2	9	7	134Sp0
2	2	9	8	155Sp8
2	2	9	9	134Sp0
2	2	9	10	155Sp8
2	2	9	11	134Sp0
2	2	9	12	155Sp8
2	2	10	1	BIO
2	2	10	2	BIO
2	2	10	3	0
2	2	10	4	0
2	2	10	5	0
2	2	10	6	0
2	2	10	7	0
2	2	10	8	0
2	2	10	9	0
2	2	10	10	0
2	2	10	11	0
2	2	10	12	0
2	3	1	1	0
2	3	1	2	0
2	3	1	3	0
2	3	1	4	0
2	3	1	5	0
2	3	1	6	0
2	3	1	7	0
2	3	1	8	0
2	3	1	9	0
2	3	1	10	0
2	3	1	11	BIO
2	3	1	12	BIO
2	3	2	1	524Sp0
2	3	2	2	532Sp0
2	3	2	3	524Sp0
2	3	2	4	532Sp0
2	3	2	5	524Sp0
2	3	2	6	532Sp0
2	3	2	7	540Sp21
2	3	2	8	548Sp10
2	3	2	9	540Sp21
2	3	2	10	548Sp10
2	3	2	11	540Sp21
2	3	2	12	548Sp10
2	3	3	1	327Sp10
2	3	3	2	358Sp0
2	3	3	3	327Sp10
2	3	3	4	358Sp0
2	3	3	5	327Sp10
2	3	3	6	358Sp0
2	3	3	7	384Sp20
2	3	3	8	408Sp21
2	3	3	9	384Sp20
2	3	3	10	408Sp21
2	3	3	11	384Sp20
2	3	3	12	408Sp21
2	3	4	1	524Sp0
2	3	4	2	532Sp0
2	3	4	3	524Sp0
2	3	4	4	532Sp0
2	3	4	5	524Sp0
2	3	4	6	532Sp0
2	3	4	7	540Sp21
2	3	4	8	548Sp10
2	3	4	9	540Sp21
2	3	4	10	548Sp10
2	3	4	11	540Sp21
2	3	4	12	548Sp10
2	3	5	1	327Sp10
2	3	5	2	358Sp0
2	3	5	3	327Sp10
2	3	5	4	358Sp0
2	3	5	5	327Sp10
2	3	5	6	358Sp0
2	3	5	7	384Sp20
2	3	5	8	408Sp21
2	3	5	9	384Sp20
2	3	5	10	408Sp21
2	3	5	11	384Sp20
2	3	5	12	408Sp21
2	3	6	1	198Sp12
2	3	6	2	234Sp8
2	3	6	3	198Sp12
2	3	6	4	234Sp8
2	3	6	5	198Sp12
2	3	6	6	234Sp8
2	3	6	7	258Sp8
2	3	6	8	284Sp0
2	3	6	9	258Sp8
2	3	6	10	284Sp0
2	3	6	11	258Sp8
2	3	6	12	284Sp0
2	3	7	1	100Sp8
2	3	7	2	121Sp14
2	3	7	3	100Sp8
2	3	7	4	121Sp14
2	3	7	5	100Sp8
2	3	7	6	121Sp14
2	3	7	7	144Sp14
2	3	7	8	166Sp0
2	3	7	9	144Sp14
2	3	7	10	166Sp0
2	3	7	11	144Sp14
2	3	7	12	166Sp0
2	3	8	1	198Sp12
2	3	8	2	234Sp8
2	3	8	3	198Sp12
2	3	8	4	234Sp8
2	3	8	5	198Sp12
2	3	8	6	234Sp8
2	3	8	7	258Sp8
2	3	8	8	284Sp0
2	3	8	9	258Sp8
2	3	8	10	284Sp0
2	3	8	11	258Sp8
2	3	8	12	284Sp0
2	3	9	1	100Sp8
2	3	9	2	121Sp14
2	3	9	3	100Sp8
2	3	9	4	121Sp14
2	3	9	5	100Sp8
2	3	9	6	121Sp14
2	3	9	7	144Sp14
2	3	9	8	166Sp0
2	3	9	9	144Sp14
2	3	9	10	166Sp0
2	3	9	11	144Sp14
2	3	9	12	166Sp0
2	3	10	1	BIO
2	3	10	2	BIO
2	3	10	3	0
2	3	10	4	0
2	3	10	5	0
2	3	10	6	0
2	3	10	7	0
2	3	10	8	0
2	3	10	9	0
2	3	10	10	0
2	3	10	11	0
2	3	10	12	0
2	4	1	1	0
2	4	1	2	0
2	4	1	3	0
2	4	1	4	0
2	4	1	5	0
2	4	1	6	0
2	4	1	7	0
2	4	1	8	0
2	4	1	9	0
2	4	1	10	0
2	4	1	11	BIO
2	4	1	12	BIO
2	4	2	1	525Sp21
2	4	2	2	533Sp0
2	4	2	3	525Sp21
2	4	2	4	533Sp0
2	4	2	5	525Sp21
2	4	2	6	533Sp0
2	4	2	7	541Sp8
2	4	2	8	549Sp0
2	4	2	9	541Sp8
2	4	2	10	549Sp0
2	4	2	11	541Sp8
2	4	2	12	549Sp0
2	4	3	1	329Sp10
2	4	3	2	359Sp14
2	4	3	3	329Sp10
2	4	3	4	359Sp14
2	4	3	5	329Sp10
2	4	3	6	359Sp14
2	4	3	7	385Sp20
2	4	3	8	409Sp21
2	4	3	9	385Sp20
2	4	3	10	409Sp21
2	4	3	11	385Sp20
2	4	3	12	409Sp21
2	4	4	1	525Sp21
2	4	4	2	533Sp0
2	4	4	3	525Sp21
2	4	4	4	533Sp0
2	4	4	5	525Sp21
2	4	4	6	533Sp0
2	4	4	7	541Sp8
2	4	4	8	549Sp0
2	4	4	9	541Sp8
2	4	4	10	549Sp0
2	4	4	11	541Sp8
2	4	4	12	549Sp0
2	4	5	1	329Sp10
2	4	5	2	359Sp14
2	4	5	3	329Sp10
2	4	5	4	359Sp14
2	4	5	5	329Sp10
2	4	5	6	359Sp14
2	4	5	7	385Sp20
2	4	5	8	409Sp21
2	4	5	9	385Sp20
2	4	5	10	409Sp21
2	4	5	11	385Sp20
2	4	5	12	409Sp21
2	4	6	1	199Sp9
2	4	6	2	235Sp0
2	4	6	3	199Sp9
2	4	6	4	235Sp0
2	4	6	5	199Sp9
2	4	6	6	235Sp0
2	4	6	7	259Sp0
2	4	6	8	285Sp0
2	4	6	9	259Sp0
2	4	6	10	285Sp0
2	4	6	11	259Sp0
2	4	6	12	285Sp0
2	4	7	1	100Sp16
2	4	7	2	122Sp8
2	4	7	3	100Sp16
2	4	7	4	122Sp8
2	4	7	5	100Sp16
2	4	7	6	122Sp8
2	4	7	7	145Sp0
2	4	7	8	167MDLys
2	4	7	9	145Sp0
2	4	7	10	167MDLys
2	4	7	11	145Sp0
2	4	7	12	167MDLys
2	4	8	1	199Sp9
2	4	8	2	235Sp0
2	4	8	3	199Sp9
2	4	8	4	235Sp0
2	4	8	5	199Sp9
2	4	8	6	235Sp0
2	4	8	7	259Sp0
2	4	8	8	285Sp0
2	4	8	9	259Sp0
2	4	8	10	285Sp0
2	4	8	11	259Sp0
2	4	8	12	285Sp0
2	4	9	1	100Sp16
2	4	9	2	122Sp8
2	4	9	3	100Sp16
2	4	9	4	122Sp8
2	4	9	5	100Sp16
2	4	9	6	122Sp8
2	4	9	7	145Sp0
2	4	9	8	167MDLys
2	4	9	9	145Sp0
2	4	9	10	167MDLys
2	4	9	11	145Sp0
2	4	9	12	167MDLys
2	4	10	1	BIO
2	4	10	2	BIO
2	4	10	3	0
2	4	10	4	0
2	4	10	5	0
2	4	10	6	0
2	4	10	7	0
2	4	10	8	0
2	4	10	9	0
2	4	10	10	0
2	4	10	11	0
2	4	10	12	0
3	1	1	1	0
3	1	1	2	0
3	1	1	3	0
3	1	1	4	0
3	1	1	5	0
3	1	1	6	0
3	1	1	7	0
3	1	1	8	0
3	1	1	9	0
3	1	1	10	0
3	1	1	11	BIO
3	1	1	12	BIO
3	1	2	1	423Sp14
3	1	2	2	447Sp14
3	1	2	3	423Sp14
3	1	2	4	447Sp14
3	1	2	5	423Sp14
3	1	2	6	447Sp14
3	1	2	7	471Sp12
3	1	2	8	506Sp19
3	1	2	9	471Sp12
3	1	2	10	506Sp19
3	1	2	11	471Sp12
3	1	2	12	506Sp19
3	1	3	1	307Sp10
3	1	3	2	341Sp8
3	1	3	3	307Sp10
3	1	3	4	341Sp8
3	1	3	5	307Sp10
3	1	3	6	341Sp8
3	1	3	7	368Sp12
3	1	3	8	394Sp20
3	1	3	9	368Sp12
3	1	3	10	394Sp20
3	1	3	11	368Sp12
3	1	3	12	394Sp20
3	1	4	1	423Sp14
3	1	4	2	447Sp14
3	1	4	3	423Sp14
3	1	4	4	447Sp14
3	1	4	5	423Sp14
3	1	4	6	447Sp14
3	1	4	7	471Sp12
3	1	4	8	506Sp19
3	1	4	9	471Sp12
3	1	4	10	506Sp19
3	1	4	11	471Sp12
3	1	4	12	506Sp19
3	1	5	1	307Sp10
3	1	5	2	341Sp8
3	1	5	3	307Sp10
3	1	5	4	341Sp8
3	1	5	5	307Sp10
3	1	5	6	341Sp8
3	1	5	7	368Sp12
3	1	5	8	394Sp20
3	1	5	9	368Sp12
3	1	5	10	394Sp20
3	1	5	11	368Sp12
3	1	5	12	394Sp20
3	1	6	1	181Sp8
3	1	6	2	216Sp0
3	1	6	3	181Sp8
3	1	6	4	216Sp0
3	1	6	5	181Sp8
3	1	6	6	216Sp0
3	1	6	7	246Sp0
3	1	6	8	269Sp0
3	1	6	9	246Sp0
3	1	6	10	269Sp0
3	1	6	11	246Sp0
3	1	6	12	269Sp0
3	1	7	1	14Sp8
3	1	7	2	34Sp0
3	1	7	3	14Sp8
3	1	7	4	34Sp0
3	1	7	5	14Sp8
3	1	7	6	34Sp0
3	1	7	7	54Sp8
3	1	7	8	76Sp0
3	1	7	9	54Sp8
3	1	7	10	76Sp0
3	1	7	11	54Sp8
3	1	7	12	76Sp0
3	1	8	1	181Sp8
3	1	8	2	216Sp0
3	1	8	3	181Sp8
3	1	8	4	216Sp0
3	1	8	5	181Sp8
3	1	8	6	216Sp0
3	1	8	7	246Sp0
3	1	8	8	269Sp0
3	1	8	9	246Sp0
3	1	8	10	269Sp0
3	1	8	11	246Sp0
3	1	8	12	269Sp0
3	1	9	1	14Sp8
3	1	9	2	34Sp0
3	1	9	3	14Sp8
3	1	9	4	34Sp0
3	1	9	5	14Sp8
3	1	9	6	34Sp0
3	1	9	7	54Sp8
3	1	9	8	76Sp0
3	1	9	9	54Sp8
3	1	9	10	76Sp0
3	1	9	11	54Sp8
3	1	9	12	76Sp0
3	1	10	1	BIO
3	1	10	2	BIO
3	1	10	3	0
3	1	10	4	0
3	1	10	5	0
3	1	10	6	0
3	1	10	7	0
3	1	10	8	0
3	1	10	9	0
3	1	10	10	0
3	1	10	11	0
3	1	10	12	0
3	2	1	1	0
3	2	1	2	0
3	2	1	3	0
3	2	1	4	0
3	2	1	5	0
3	2	1	6	0
3	2	1	7	0
3	2	1	8	0
3	2	1	9	0
3	2	1	10	0
3	2	1	11	BIO
3	2	1	12	BIO
3	2	2	1	424Sp14
3	2	2	2	448Sp14
3	2	2	3	424Sp14
3	2	2	4	448Sp14
3	2	2	5	424Sp14
3	2	2	6	448Sp14
3	2	2	7	472Sp12
3	2	2	8	507Sp
3	2	2	9	472Sp12
3	2	2	10	507Sp
3	2	2	11	472Sp12
3	2	2	12	507Sp
3	2	3	1	311Sp14
3	2	3	2	342Sp8
3	2	3	3	311Sp14
3	2	3	4	342Sp8
3	2	3	5	311Sp14
3	2	3	6	342Sp8
3	2	3	7	369Sp12
3	2	3	8	395Sp20
3	2	3	9	369Sp12
3	2	3	10	395Sp20
3	2	3	11	369Sp12
3	2	3	12	395Sp20
3	2	4	1	424Sp14
3	2	4	2	448Sp14
3	2	4	3	424Sp14
3	2	4	4	448Sp14
3	2	4	5	424Sp14
3	2	4	6	448Sp14
3	2	4	7	472Sp12
3	2	4	8	507Sp
3	2	4	9	472Sp12
3	2	4	10	507Sp
3	2	4	11	472Sp12
3	2	4	12	507Sp
3	2	5	1	311Sp14
3	2	5	2	342Sp8
3	2	5	3	311Sp14
3	2	5	4	342Sp8
3	2	5	5	311Sp14
3	2	5	6	342Sp8
3	2	5	7	369Sp12
3	2	5	8	395Sp20
3	2	5	9	369Sp12
3	2	5	10	395Sp20
3	2	5	11	369Sp12
3	2	5	12	395Sp20
3	2	6	1	182Sp8
3	2	6	2	220Sp8
3	2	6	3	182Sp8
3	2	6	4	220Sp8
3	2	6	5	182Sp8
3	2	6	6	220Sp8
3	2	6	7	247Sp0
3	2	6	8	270Sp0
3	2	6	9	247Sp0
3	2	6	10	270Sp0
3	2	6	11	247Sp0
3	2	6	12	270Sp0
3	2	7	1	15Sp8
3	2	7	2	34Sp8
3	2	7	3	15Sp8
3	2	7	4	34Sp8
3	2	7	5	15Sp8
3	2	7	6	34Sp8
3	2	7	7	56Sp8
3	2	7	8	77Sp0
3	2	7	9	56Sp8
3	2	7	10	77Sp0
3	2	7	11	56Sp8
3	2	7	12	77Sp0
3	2	8	1	182Sp8
3	2	8	2	220Sp8
3	2	8	3	182Sp8
3	2	8	4	220Sp8
3	2	8	5	182Sp8
3	2	8	6	220Sp8
3	2	8	7	247Sp0
3	2	8	8	270Sp0
3	2	8	9	247Sp0
3	2	8	10	270Sp0
3	2	8	11	247Sp0
3	2	8	12	270Sp0
3	2	9	1	15Sp8
3	2	9	2	34Sp8
3	2	9	3	15Sp8
3	2	9	4	34Sp8
3	2	9	5	15Sp8
3	2	9	6	34Sp8
3	2	9	7	56Sp8
3	2	9	8	77Sp0
3	2	9	9	56Sp8
3	2	9	10	77Sp0
3	2	9	11	56Sp8
3	2	9	12	77Sp0
3	2	10	1	BIO
3	2	10	2	BIO
3	2	10	3	0
3	2	10	4	0
3	2	10	5	0
3	2	10	6	0
3	2	10	7	0
3	2	10	8	0
3	2	10	9	0
3	2	10	10	0
3	2	10	11	0
3	2	10	12	0
3	3	1	1	0
3	3	1	2	0
3	3	1	3	0
3	3	1	4	0
3	3	1	5	0
3	3	1	6	0
3	3	1	7	0
3	3	1	8	0
3	3	1	9	0
3	3	1	10	0
3	3	1	11	BIO
3	3	1	12	BIO
3	3	2	1	435Sp21
3	3	2	2	459Sp21
3	3	2	3	435Sp21
3	3	2	4	459Sp21
3	3	2	5	435Sp21
3	3	2	6	459Sp21
3	3	2	7	484Sp22
3	3	2	8	518Sp21
3	3	2	9	484Sp22
3	3	2	10	518Sp21
3	3	2	11	484Sp22
3	3	2	12	518Sp21
3	3	3	1	325Sp10
3	3	3	2	356Sp0
3	3	3	3	325Sp10
3	3	3	4	356Sp0
3	3	3	5	325Sp10
3	3	3	6	356Sp0
3	3	3	7	382Sp0
3	3	3	8	406Sp0
3	3	3	9	382Sp0
3	3	3	10	406Sp0
3	3	3	11	382Sp0
3	3	3	12	406Sp0
3	3	4	1	435Sp21
3	3	4	2	459Sp21
3	3	4	3	435Sp21
3	3	4	4	459Sp21
3	3	4	5	435Sp21
3	3	4	6	459Sp21
3	3	4	7	484Sp22
3	3	4	8	518Sp21
3	3	4	9	484Sp22
3	3	4	10	518Sp21
3	3	4	11	484Sp22
3	3	4	12	518Sp21
3	3	5	1	325Sp10
3	3	5	2	356Sp0
3	3	5	3	325Sp10
3	3	5	4	356Sp0
3	3	5	5	325Sp10
3	3	5	6	356Sp0
3	3	5	7	382Sp0
3	3	5	8	406Sp0
3	3	5	9	382Sp0
3	3	5	10	406Sp0
3	3	5	11	382Sp0
3	3	5	12	406Sp0
3	3	6	1	195Sp12
3	3	6	2	232Sp0
3	3	6	3	195Sp12
3	3	6	4	232Sp0
3	3	6	5	195Sp12
3	3	6	6	232Sp0
3	3	6	7	257Sp0
3	3	6	8	282Sp0
3	3	6	9	257Sp0
3	3	6	10	282Sp0
3	3	6	11	257Sp0
3	3	6	12	282Sp0
3	3	7	1	25Sp0
3	3	7	2	46Sp8
3	3	7	3	25Sp0
3	3	7	4	46Sp8
3	3	7	5	25Sp0
3	3	7	6	46Sp8
3	3	7	7	64Sp8
3	3	7	8	87Sp0
3	3	7	9	64Sp8
3	3	7	10	87Sp0
3	3	7	11	64Sp8
3	3	7	12	87Sp0
3	3	8	1	195Sp12
3	3	8	2	232Sp0
3	3	8	3	195Sp12
3	3	8	4	232Sp0
3	3	8	5	195Sp12
3	3	8	6	232Sp0
3	3	8	7	257Sp0
3	3	8	8	282Sp0
3	3	8	9	257Sp0
3	3	8	10	282Sp0
3	3	8	11	257Sp0
3	3	8	12	282Sp0
3	3	9	1	25Sp0
3	3	9	2	46Sp8
3	3	9	3	25Sp0
3	3	9	4	46Sp8
3	3	9	5	25Sp0
3	3	9	6	46Sp8
3	3	9	7	64Sp8
3	3	9	8	87Sp0
3	3	9	9	64Sp8
3	3	9	10	87Sp0
3	3	9	11	64Sp8
3	3	9	12	87Sp0
3	3	10	1	BIO
3	3	10	2	BIO
3	3	10	3	0
3	3	10	4	0
3	3	10	5	0
3	3	10	6	0
3	3	10	7	0
3	3	10	8	0
3	3	10	9	0
3	3	10	10	0
3	3	10	11	0
3	3	10	12	0
3	4	1	1	0
3	4	1	2	0
3	4	1	3	0
3	4	1	4	0
3	4	1	5	0
3	4	1	6	0
3	4	1	7	0
3	4	1	8	0
3	4	1	9	0
3	4	1	10	0
3	4	1	11	BIO
3	4	1	12	BIO
3	4	2	1	436Sp0
3	4	2	2	460Sp21
3	4	2	3	436Sp0
3	4	2	4	460Sp21
3	4	2	5	436Sp0
3	4	2	6	460Sp21
3	4	2	7	485Sp21
3	4	2	8	519Sp21
3	4	2	9	485Sp21
3	4	2	10	519Sp21
3	4	2	11	485Sp21
3	4	2	12	519Sp21
3	4	3	1	325Sp12
3	4	3	2	357Sp0
3	4	3	3	325Sp12
3	4	3	4	357Sp0
3	4	3	5	325Sp12
3	4	3	6	357Sp0
3	4	3	7	383Sp14
3	4	3	8	407Sp21
3	4	3	9	383Sp14
3	4	3	10	407Sp21
3	4	3	11	383Sp14
3	4	3	12	407Sp21
3	4	4	1	436Sp0
3	4	4	2	460Sp21
3	4	4	3	436Sp0
3	4	4	4	460Sp21
3	4	4	5	436Sp0
3	4	4	6	460Sp21
3	4	4	7	485Sp21
3	4	4	8	519Sp21
3	4	4	9	485Sp21
3	4	4	10	519Sp21
3	4	4	11	485Sp21
3	4	4	12	519Sp21
3	4	5	1	325Sp12
3	4	5	2	357Sp0
3	4	5	3	325Sp12
3	4	5	4	357Sp0
3	4	5	5	325Sp12
3	4	5	6	357Sp0
3	4	5	7	383Sp14
3	4	5	8	407Sp21
3	4	5	9	383Sp14
3	4	5	10	407Sp21
3	4	5	11	383Sp14
3	4	5	12	407Sp21
3	4	6	1	197Sp12
3	4	6	2	233Sp8
3	4	6	3	197Sp12
3	4	6	4	233Sp8
3	4	6	5	197Sp12
3	4	6	6	233Sp8
3	4	6	7	258Sp0
3	4	6	8	283Sp0
3	4	6	9	258Sp0
3	4	6	10	283Sp0
3	4	6	11	258Sp0
3	4	6	12	283Sp0
3	4	7	1	26Sp8
3	4	7	2	47Sp8
3	4	7	3	26Sp8
3	4	7	4	47Sp8
3	4	7	5	26Sp8
3	4	7	6	47Sp8
3	4	7	7	65Sp0
3	4	7	8	90Sp0
3	4	7	9	65Sp0
3	4	7	10	90Sp0
3	4	7	11	65Sp0
3	4	7	12	90Sp0
3	4	8	1	197Sp12
3	4	8	2	233Sp8
3	4	8	3	197Sp12
3	4	8	4	233Sp8
3	4	8	5	197Sp12
3	4	8	6	233Sp8
3	4	8	7	258Sp0
3	4	8	8	283Sp0
3	4	8	9	258Sp0
3	4	8	10	283Sp0
3	4	8	11	258Sp0
3	4	8	12	283Sp0
3	4	9	1	26Sp8
3	4	9	2	47Sp8
3	4	9	3	26Sp8
3	4	9	4	47Sp8
3	4	9	5	26Sp8
3	4	9	6	47Sp8
3	4	9	7	65Sp0
3	4	9	8	90Sp0
3	4	9	9	65Sp0
3	4	9	10	90Sp0
3	4	9	11	65Sp0
3	4	9	12	90Sp0
3	4	10	1	BIO
3	4	10	2	BIO
3	4	10	3	0
3	4	10	4	0
3	4	10	5	0
3	4	10	6	0
3	4	10	7	0
3	4	10	8	0
3	4	10	9	0
3	4	10	10	0
3	4	10	11	0
3	4	10	12	0
4	1	1	1	0
4	1	1	2	0
4	1	1	3	0
4	1	1	4	0
4	1	1	5	0
4	1	1	6	0
4	1	1	7	0
4	1	1	8	0
4	1	1	9	0
4	1	1	10	0
4	1	1	11	BIO
4	1	1	12	BIO
4	1	2	1	421Sp12
4	1	2	2	445Sp22
4	1	2	3	421Sp12
4	1	2	4	445Sp22
4	1	2	5	421Sp12
4	1	2	6	445Sp22
4	1	2	7	469Sp0
4	1	2	8	504Sp
4	1	2	9	469Sp0
4	1	2	10	504Sp
4	1	2	11	469Sp0
4	1	2	12	504Sp
4	1	3	1	305Sp0
4	1	3	2	338Sp12
4	1	3	3	305Sp0
4	1	3	4	338Sp12
4	1	3	5	305Sp0
4	1	3	6	338Sp12
4	1	3	7	366Sp14
4	1	3	8	392Sp21
4	1	3	9	366Sp14
4	1	3	10	392Sp21
4	1	3	11	366Sp14
4	1	3	12	392Sp21
4	1	4	1	421Sp12
4	1	4	2	445Sp22
4	1	4	3	421Sp12
4	1	4	4	445Sp22
4	1	4	5	421Sp12
4	1	4	6	445Sp22
4	1	4	7	469Sp0
4	1	4	8	504Sp
4	1	4	9	469Sp0
4	1	4	10	504Sp
4	1	4	11	469Sp0
4	1	4	12	504Sp
4	1	5	1	305Sp0
4	1	5	2	338Sp12
4	1	5	3	305Sp0
4	1	5	4	338Sp12
4	1	5	5	305Sp0
4	1	5	6	338Sp12
4	1	5	7	366Sp14
4	1	5	8	392Sp21
4	1	5	9	366Sp14
4	1	5	10	392Sp21
4	1	5	11	366Sp14
4	1	5	12	392Sp21
4	1	6	1	179Sp8
4	1	6	2	212Sp0
4	1	6	3	179Sp8
4	1	6	4	212Sp0
4	1	6	5	179Sp8
4	1	6	6	212Sp0
4	1	6	7	244Sp14
4	1	6	8	268Sp0
4	1	6	9	244Sp14
4	1	6	10	268Sp0
4	1	6	11	244Sp14
4	1	6	12	268Sp0
4	1	7	1	13Sp8
4	1	7	2	33Sp0
4	1	7	3	13Sp8
4	1	7	4	33Sp0
4	1	7	5	13Sp8
4	1	7	6	33Sp0
4	1	7	7	52Sp9
4	1	7	8	74Sp0
4	1	7	9	52Sp9
4	1	7	10	74Sp0
4	1	7	11	52Sp9
4	1	7	12	74Sp0
4	1	8	1	179Sp8
4	1	8	2	212Sp0
4	1	8	3	179Sp8
4	1	8	4	212Sp0
4	1	8	5	179Sp8
4	1	8	6	212Sp0
4	1	8	7	244Sp14
4	1	8	8	268Sp0
4	1	8	9	244Sp14
4	1	8	10	268Sp0
4	1	8	11	244Sp14
4	1	8	12	268Sp0
4	1	9	1	13Sp8
4	1	9	2	33Sp0
4	1	9	3	13Sp8
4	1	9	4	33Sp0
4	1	9	5	13Sp8
4	1	9	6	33Sp0
4	1	9	7	52Sp9
4	1	9	8	74Sp0
4	1	9	9	52Sp9
4	1	9	10	74Sp0
4	1	9	11	52Sp9
4	1	9	12	74Sp0
4	1	10	1	BIO
4	1	10	2	BIO
4	1	10	3	0
4	1	10	4	0
4	1	10	5	0
4	1	10	6	0
4	1	10	7	0
4	1	10	8	0
4	1	10	9	0
4	1	10	10	0
4	1	10	11	0
4	1	10	12	0
4	2	1	1	0
4	2	1	2	0
4	2	1	3	0
4	2	1	4	0
4	2	1	5	0
4	2	1	6	0
4	2	1	7	0
4	2	1	8	0
4	2	1	9	0
4	2	1	10	0
4	2	1	11	BIO
4	2	1	12	BIO
4	2	2	1	422Sp12
4	2	2	2	446Sp19
4	2	2	3	422Sp12
4	2	2	4	446Sp19
4	2	2	5	422Sp12
4	2	2	6	446Sp19
4	2	2	7	470Sp0
4	2	2	8	505Sp19
4	2	2	9	470Sp0
4	2	2	10	505Sp19
4	2	2	11	470Sp0
4	2	2	12	505Sp19
4	2	3	1	306Sp0
4	2	3	2	340Sp17
4	2	3	3	306Sp0
4	2	3	4	340Sp17
4	2	3	5	306Sp0
4	2	3	6	340Sp17
4	2	3	7	367Sp12
4	2	3	8	393Sp21
4	2	3	9	367Sp12
4	2	3	10	393Sp21
4	2	3	11	367Sp12
4	2	3	12	393Sp21
4	2	4	1	422Sp12
4	2	4	2	446Sp19
4	2	4	3	422Sp12
4	2	4	4	446Sp19
4	2	4	5	422Sp12
4	2	4	6	446Sp19
4	2	4	7	470Sp0
4	2	4	8	505Sp19
4	2	4	9	470Sp0
4	2	4	10	505Sp19
4	2	4	11	470Sp0
4	2	4	12	505Sp19
4	2	5	1	306Sp0
4	2	5	2	340Sp17
4	2	5	3	306Sp0
4	2	5	4	340Sp17
4	2	5	5	306Sp0
4	2	5	6	340Sp17
4	2	5	7	367Sp12
4	2	5	8	393Sp21
4	2	5	9	367Sp12
4	2	5	10	393Sp21
4	2	5	11	367Sp12
4	2	5	12	393Sp21
4	2	6	1	180Sp8
4	2	6	2	213Sp8
4	2	6	3	180Sp8
4	2	6	4	213Sp8
4	2	6	5	180Sp8
4	2	6	6	213Sp8
4	2	6	7	245Sp8
4	2	6	8	268Sp8
4	2	6	9	245Sp8
4	2	6	10	268Sp8
4	2	6	11	245Sp8
4	2	6	12	268Sp8
4	2	7	1	13Sp11
4	2	7	2	33Sp8
4	2	7	3	13Sp11
4	2	7	4	33Sp8
4	2	7	5	13Sp11
4	2	7	6	33Sp8
4	2	7	7	53Sp9
4	2	7	8	75Sp0
4	2	7	9	53Sp9
4	2	7	10	75Sp0
4	2	7	11	53Sp9
4	2	7	12	75Sp0
4	2	8	1	180Sp8
4	2	8	2	213Sp8
4	2	8	3	180Sp8
4	2	8	4	213Sp8
4	2	8	5	180Sp8
4	2	8	6	213Sp8
4	2	8	7	245Sp8
4	2	8	8	268Sp8
4	2	8	9	245Sp8
4	2	8	10	268Sp8
4	2	8	11	245Sp8
4	2	8	12	268Sp8
4	2	9	1	13Sp11
4	2	9	2	33Sp8
4	2	9	3	13Sp11
4	2	9	4	33Sp8
4	2	9	5	13Sp11
4	2	9	6	33Sp8
4	2	9	7	53Sp9
4	2	9	8	75Sp0
4	2	9	9	53Sp9
4	2	9	10	75Sp0
4	2	9	11	53Sp9
4	2	9	12	75Sp0
4	2	10	1	BIO
4	2	10	2	BIO
4	2	10	3	0
4	2	10	4	0
4	2	10	5	0
4	2	10	6	0
4	2	10	7	0
4	2	10	8	0
4	2	10	9	0
4	2	10	10	0
4	2	10	11	0
4	2	10	12	0
4	3	1	1	0
4	3	1	2	0
4	3	1	3	0
4	3	1	4	0
4	3	1	5	0
4	3	1	6	0
4	3	1	7	0
4	3	1	8	0
4	3	1	9	0
4	3	1	10	0
4	3	1	11	BIO
4	3	1	12	BIO
4	3	2	1	433Sp14
4	3	2	2	457Sp21
4	3	2	3	433Sp14
4	3	2	4	457Sp21
4	3	2	5	433Sp14
4	3	2	6	457Sp21
4	3	2	7	482Sp0
4	3	2	8	516Sp19
4	3	2	9	482Sp0
4	3	2	10	516Sp19
4	3	2	11	482Sp0
4	3	2	12	516Sp19
4	3	3	1	322Sp12
4	3	3	2	354Sp0
4	3	3	3	322Sp12
4	3	3	4	354Sp0
4	3	3	5	322Sp12
4	3	3	6	354Sp0
4	3	3	7	380Sp0
4	3	3	8	404Sp14
4	3	3	9	380Sp0
4	3	3	10	404Sp14
4	3	3	11	380Sp0
4	3	3	12	404Sp14
4	3	4	1	433Sp14
4	3	4	2	457Sp21
4	3	4	3	433Sp14
4	3	4	4	457Sp21
4	3	4	5	433Sp14
4	3	4	6	457Sp21
4	3	4	7	482Sp0
4	3	4	8	516Sp19
4	3	4	9	482Sp0
4	3	4	10	516Sp19
4	3	4	11	482Sp0
4	3	4	12	516Sp19
4	3	5	1	322Sp12
4	3	5	2	354Sp0
4	3	5	3	322Sp12
4	3	5	4	354Sp0
4	3	5	5	322Sp12
4	3	5	6	354Sp0
4	3	5	7	380Sp0
4	3	5	8	404Sp14
4	3	5	9	380Sp0
4	3	5	10	404Sp14
4	3	5	11	380Sp0
4	3	5	12	404Sp14
4	3	6	1	191Sp9
4	3	6	2	230Sp8
4	3	6	3	191Sp9
4	3	6	4	230Sp8
4	3	6	5	191Sp9
4	3	6	6	230Sp8
4	3	6	7	254Sp8
4	3	6	8	280Sp0
4	3	6	9	254Sp8
4	3	6	10	280Sp0
4	3	6	11	254Sp8
4	3	6	12	280Sp0
4	3	7	1	23Sp0
4	3	7	2	43Sp8
4	3	7	3	23Sp0
4	3	7	4	43Sp8
4	3	7	5	23Sp0
4	3	7	6	43Sp8
4	3	7	7	62Sp0
4	3	7	8	85Sp8
4	3	7	9	62Sp0
4	3	7	10	85Sp8
4	3	7	11	62Sp0
4	3	7	12	85Sp8
4	3	8	1	191Sp9
4	3	8	2	230Sp8
4	3	8	3	191Sp9
4	3	8	4	230Sp8
4	3	8	5	191Sp9
4	3	8	6	230Sp8
4	3	8	7	254Sp8
4	3	8	8	280Sp0
4	3	8	9	254Sp8
4	3	8	10	280Sp0
4	3	8	11	254Sp8
4	3	8	12	280Sp0
4	3	9	1	23Sp0
4	3	9	2	43Sp8
4	3	9	3	23Sp0
4	3	9	4	43Sp8
4	3	9	5	23Sp0
4	3	9	6	43Sp8
4	3	9	7	62Sp0
4	3	9	8	85Sp8
4	3	9	9	62Sp0
4	3	9	10	85Sp8
4	3	9	11	62Sp0
4	3	9	12	85Sp8
4	3	10	1	BIO
4	3	10	2	BIO
4	3	10	3	0
4	3	10	4	0
4	3	10	5	0
4	3	10	6	0
4	3	10	7	0
4	3	10	8	0
4	3	10	9	0
4	3	10	10	0
4	3	10	11	0
4	3	10	12	0
4	4	1	1	0
4	4	1	2	0
4	4	1	3	0
4	4	1	4	0
4	4	1	5	0
4	4	1	6	0
4	4	1	7	0
4	4	1	8	0
4	4	1	9	0
4	4	1	10	0
4	4	1	11	BIO
4	4	1	12	BIO
4	4	2	1	434Sp21
4	4	2	2	458Sp21
4	4	2	3	434Sp21
4	4	2	4	458Sp21
4	4	2	5	434Sp21
4	4	2	6	458Sp21
4	4	2	7	483Sp22
4	4	2	8	517Sp
4	4	2	9	483Sp22
4	4	2	10	517Sp
4	4	2	11	483Sp22
4	4	2	12	517Sp
4	4	3	1	324Sp10
4	4	3	2	355Sp0
4	4	3	3	324Sp10
4	4	3	4	355Sp0
4	4	3	5	324Sp10
4	4	3	6	355Sp0
4	4	3	7	381Sp0
4	4	3	8	405Sp14
4	4	3	9	381Sp0
4	4	3	10	405Sp14
4	4	3	11	381Sp0
4	4	3	12	405Sp14
4	4	4	1	434Sp21
4	4	4	2	458Sp21
4	4	4	3	434Sp21
4	4	4	4	458Sp21
4	4	4	5	434Sp21
4	4	4	6	458Sp21
4	4	4	7	483Sp22
4	4	4	8	517Sp
4	4	4	9	483Sp22
4	4	4	10	517Sp
4	4	4	11	483Sp22
4	4	4	12	517Sp
4	4	5	1	324Sp10
4	4	5	2	355Sp0
4	4	5	3	324Sp10
4	4	5	4	355Sp0
4	4	5	5	324Sp10
4	4	5	6	355Sp0
4	4	5	7	381Sp0
4	4	5	8	405Sp14
4	4	5	9	381Sp0
4	4	5	10	405Sp14
4	4	5	11	381Sp0
4	4	5	12	405Sp14
4	4	6	1	192Sp9
4	4	6	2	231Sp0
4	4	6	3	192Sp9
4	4	6	4	231Sp0
4	4	6	5	192Sp9
4	4	6	6	231Sp0
4	4	6	7	255Sp8
4	4	6	8	281Sp0
4	4	6	9	255Sp8
4	4	6	10	281Sp0
4	4	6	11	255Sp8
4	4	6	12	281Sp0
4	4	7	1	24Sp0
4	4	7	2	44Sp8
4	4	7	3	24Sp0
4	4	7	4	44Sp8
4	4	7	5	24Sp0
4	4	7	6	44Sp8
4	4	7	7	64Sp0
4	4	7	8	86Sp8
4	4	7	9	64Sp0
4	4	7	10	86Sp8
4	4	7	11	64Sp0
4	4	7	12	86Sp8
4	4	8	1	192Sp9
4	4	8	2	231Sp0
4	4	8	3	192Sp9
4	4	8	4	231Sp0
4	4	8	5	192Sp9
4	4	8	6	231Sp0
4	4	8	7	255Sp8
4	4	8	8	281Sp0
4	4	8	9	255Sp8
4	4	8	10	281Sp0
4	4	8	11	255Sp8
4	4	8	12	281Sp0
4	4	9	1	24Sp0
4	4	9	2	44Sp8
4	4	9	3	24Sp0
4	4	9	4	44Sp8
4	4	9	5	24Sp0
4	4	9	6	44Sp8
4	4	9	7	64Sp0
4	4	9	8	86Sp8
4	4	9	9	64Sp0
4	4	9	10	86Sp8
4	4	9	11	64Sp0
4	4	9	12	86Sp8
4	4	10	1	BIO
4	4	10	2	BIO
4	4	10	3	0
4	4	10	4	0
4	4	10	5	0
4	4	10	6	0
4	4	10	7	0
4	4	10	8	0
4	4	10	9	0
4	4	10	10	0
4	4	10	11	0
4	4	10	12	0
5	1	1	1	0
5	1	1	2	0
5	1	1	3	0
5	1	1	4	0
5	1	1	5	0
5	1	1	6	0
5	1	1	7	0
5	1	1	8	0
5	1	1	9	0
5	1	1	10	0
5	1	1	11	BIO
5	1	1	12	BIO
5	1	2	1	418Sp19
5	1	2	2	443Sp14
5	1	2	3	418Sp19
5	1	2	4	443Sp14
5	1	2	5	418Sp19
5	1	2	6	443Sp14
5	1	2	7	467Sp8
5	1	2	8	502Sp10
5	1	2	9	467Sp8
5	1	2	10	502Sp10
5	1	2	11	467Sp8
5	1	2	12	502Sp10
5	1	3	1	302Sp0
5	1	3	2	336Sp12
5	1	3	3	302Sp0
5	1	3	4	336Sp12
5	1	3	5	302Sp0
5	1	3	6	336Sp12
5	1	3	7	364Sp0
5	1	3	8	390Sp21
5	1	3	9	364Sp0
5	1	3	10	390Sp21
5	1	3	11	364Sp0
5	1	3	12	390Sp21
5	1	4	1	418Sp19
5	1	4	2	443Sp14
5	1	4	3	418Sp19
5	1	4	4	443Sp14
5	1	4	5	418Sp19
5	1	4	6	443Sp14
5	1	4	7	467Sp8
5	1	4	8	502Sp10
5	1	4	9	467Sp8
5	1	4	10	502Sp10
5	1	4	11	467Sp8
5	1	4	12	502Sp10
5	1	5	1	302Sp0
5	1	5	2	336Sp12
5	1	5	3	302Sp0
5	1	5	4	336Sp12
5	1	5	5	302Sp0
5	1	5	6	336Sp12
5	1	5	7	364Sp0
5	1	5	8	390Sp21
5	1	5	9	364Sp0
5	1	5	10	390Sp21
5	1	5	11	364Sp0
5	1	5	12	390Sp21
5	1	6	1	98Sp18
5	1	6	2	120Sp14
5	1	6	3	98Sp18
5	1	6	4	120Sp14
5	1	6	5	98Sp18
5	1	6	6	120Sp14
5	1	6	7	142Sp8
5	1	6	8	164Sp8
5	1	6	9	142Sp8
5	1	6	10	164Sp8
5	1	6	11	142Sp8
5	1	6	12	164Sp8
5	1	7	1	11Sp9
5	1	7	2	32Sp0
5	1	7	3	11Sp9
5	1	7	4	32Sp0
5	1	7	5	11Sp9
5	1	7	6	32Sp0
5	1	7	7	51Sp12
5	1	7	8	72Sp8
5	1	7	9	51Sp12
5	1	7	10	72Sp8
5	1	7	11	51Sp12
5	1	7	12	72Sp8
5	1	8	1	98Sp18
5	1	8	2	120Sp14
5	1	8	3	98Sp18
5	1	8	4	120Sp14
5	1	8	5	98Sp18
5	1	8	6	120Sp14
5	1	8	7	142Sp8
5	1	8	8	164Sp8
5	1	8	9	142Sp8
5	1	8	10	164Sp8
5	1	8	11	142Sp8
5	1	8	12	164Sp8
5	1	9	1	11Sp9
5	1	9	2	32Sp0
5	1	9	3	11Sp9
5	1	9	4	32Sp0
5	1	9	5	11Sp9
5	1	9	6	32Sp0
5	1	9	7	51Sp12
5	1	9	8	72Sp8
5	1	9	9	51Sp12
5	1	9	10	72Sp8
5	1	9	11	51Sp12
5	1	9	12	72Sp8
5	1	10	1	BIO
5	1	10	2	BIO
5	1	10	3	0
5	1	10	4	0
5	1	10	5	0
5	1	10	6	0
5	1	10	7	0
5	1	10	8	0
5	1	10	9	0
5	1	10	10	0
5	1	10	11	0
5	1	10	12	0
5	2	1	1	0
5	2	1	2	0
5	2	1	3	0
5	2	1	4	0
5	2	1	5	0
5	2	1	6	0
5	2	1	7	0
5	2	1	8	0
5	2	1	9	0
5	2	1	10	0
5	2	1	11	BIO
5	2	1	12	BIO
5	2	2	1	419Sp19
5	2	2	2	444Sp22
5	2	2	3	419Sp19
5	2	2	4	444Sp22
5	2	2	5	419Sp19
5	2	2	6	444Sp22
5	2	2	7	468Sp8
5	2	2	8	503Sp14
5	2	2	9	468Sp8
5	2	2	10	503Sp14
5	2	2	11	468Sp8
5	2	2	12	503Sp14
5	2	3	1	303Sp0
5	2	3	2	337Sp12
5	2	3	3	303Sp0
5	2	3	4	337Sp12
5	2	3	5	303Sp0
5	2	3	6	337Sp12
5	2	3	7	365Sp0
5	2	3	8	391Sp21
5	2	3	9	365Sp0
5	2	3	10	391Sp21
5	2	3	11	365Sp0
5	2	3	12	391Sp21
5	2	4	1	419Sp19
5	2	4	2	444Sp22
5	2	4	3	419Sp19
5	2	4	4	444Sp22
5	2	4	5	419Sp19
5	2	4	6	444Sp22
5	2	4	7	468Sp8
5	2	4	8	503Sp14
5	2	4	9	468Sp8
5	2	4	10	503Sp14
5	2	4	11	468Sp8
5	2	4	12	503Sp14
5	2	5	1	303Sp0
5	2	5	2	337Sp12
5	2	5	3	303Sp0
5	2	5	4	337Sp12
5	2	5	5	303Sp0
5	2	5	6	337Sp12
5	2	5	7	365Sp0
5	2	5	8	391Sp21
5	2	5	9	365Sp0
5	2	5	10	391Sp21
5	2	5	11	365Sp0
5	2	5	12	391Sp21
5	2	6	1	99Sp8
5	2	6	2	121Sp8
5	2	6	3	99Sp8
5	2	6	4	121Sp8
5	2	6	5	99Sp8
5	2	6	6	121Sp8
5	2	6	7	144Sp8
5	2	6	8	165Sp0
5	2	6	9	144Sp8
5	2	6	10	165Sp0
5	2	6	11	144Sp8
5	2	6	12	165Sp0
5	2	7	1	12Sp8
5	2	7	2	32Sp8
5	2	7	3	12Sp8
5	2	7	4	32Sp8
5	2	7	5	12Sp8
5	2	7	6	32Sp8
5	2	7	7	51Sp13
5	2	7	8	73Sp8
5	2	7	9	51Sp13
5	2	7	10	73Sp8
5	2	7	11	51Sp13
5	2	7	12	73Sp8
5	2	8	1	99Sp8
5	2	8	2	121Sp8
5	2	8	3	99Sp8
5	2	8	4	121Sp8
5	2	8	5	99Sp8
5	2	8	6	121Sp8
5	2	8	7	144Sp8
5	2	8	8	165Sp0
5	2	8	9	144Sp8
5	2	8	10	165Sp0
5	2	8	11	144Sp8
5	2	8	12	165Sp0
5	2	9	1	12Sp8
5	2	9	2	32Sp8
5	2	9	3	12Sp8
5	2	9	4	32Sp8
5	2	9	5	12Sp8
5	2	9	6	32Sp8
5	2	9	7	51Sp13
5	2	9	8	73Sp8
5	2	9	9	51Sp13
5	2	9	10	73Sp8
5	2	9	11	51Sp13
5	2	9	12	73Sp8
5	2	10	1	BIO
5	2	10	2	BIO
5	2	10	3	0
5	2	10	4	0
5	2	10	5	0
5	2	10	6	0
5	2	10	7	0
5	2	10	8	0
5	2	10	9	0
5	2	10	10	0
5	2	10	11	0
5	2	10	12	0
5	3	1	1	0
5	3	1	2	0
5	3	1	3	0
5	3	1	4	0
5	3	1	5	0
5	3	1	6	0
5	3	1	7	0
5	3	1	8	0
5	3	1	9	0
5	3	1	10	0
5	3	1	11	BIO
5	3	1	12	BIO
5	3	2	1	431Sp0
5	3	2	2	455Sp21
5	3	2	3	431Sp0
5	3	2	4	455Sp21
5	3	2	5	431Sp0
5	3	2	6	455Sp21
5	3	2	7	480Sp14
5	3	2	8	514Sp
5	3	2	9	480Sp14
5	3	2	10	514Sp
5	3	2	11	480Sp14
5	3	2	12	514Sp
5	3	3	1	320Sp8
5	3	3	2	352Sp0
5	3	3	3	320Sp8
5	3	3	4	352Sp0
5	3	3	5	320Sp8
5	3	3	6	352Sp0
5	3	3	7	376Sp22
5	3	3	8	402Sp14
5	3	3	9	376Sp22
5	3	3	10	402Sp14
5	3	3	11	376Sp22
5	3	3	12	402Sp14
5	3	4	1	431Sp0
5	3	4	2	455Sp21
5	3	4	3	431Sp0
5	3	4	4	455Sp21
5	3	4	5	431Sp0
5	3	4	6	455Sp21
5	3	4	7	480Sp14
5	3	4	8	514Sp
5	3	4	9	480Sp14
5	3	4	10	514Sp
5	3	4	11	480Sp14
5	3	4	12	514Sp
5	3	5	1	320Sp8
5	3	5	2	352Sp0
5	3	5	3	320Sp8
5	3	5	4	352Sp0
5	3	5	5	320Sp8
5	3	5	6	352Sp0
5	3	5	7	376Sp22
5	3	5	8	402Sp14
5	3	5	9	376Sp22
5	3	5	10	402Sp14
5	3	5	11	376Sp22
5	3	5	12	402Sp14
5	3	6	1	108Sp8
5	3	6	2	131Sp8
5	3	6	3	108Sp8
5	3	6	4	131Sp8
5	3	6	5	108Sp8
5	3	6	6	131Sp8
5	3	6	7	153Sp8
5	3	6	8	177Sp8
5	3	6	9	153Sp8
5	3	6	10	177Sp8
5	3	6	11	153Sp8
5	3	6	12	177Sp8
5	3	7	1	21Sp8
5	3	7	2	41Sp8
5	3	7	3	21Sp8
5	3	7	4	41Sp8
5	3	7	5	21Sp8
5	3	7	6	41Sp8
5	3	7	7	60Sp8
5	3	7	8	82Sp8
5	3	7	9	60Sp8
5	3	7	10	82Sp8
5	3	7	11	60Sp8
5	3	7	12	82Sp8
5	3	8	1	108Sp8
5	3	8	2	131Sp8
5	3	8	3	108Sp8
5	3	8	4	131Sp8
5	3	8	5	108Sp8
5	3	8	6	131Sp8
5	3	8	7	153Sp8
5	3	8	8	177Sp8
5	3	8	9	153Sp8
5	3	8	10	177Sp8
5	3	8	11	153Sp8
5	3	8	12	177Sp8
5	3	9	1	21Sp8
5	3	9	2	41Sp8
5	3	9	3	21Sp8
5	3	9	4	41Sp8
5	3	9	5	21Sp8
5	3	9	6	41Sp8
5	3	9	7	60Sp8
5	3	9	8	82Sp8
5	3	9	9	60Sp8
5	3	9	10	82Sp8
5	3	9	11	60Sp8
5	3	9	12	82Sp8
5	3	10	1	BIO
5	3	10	2	BIO
5	3	10	3	0
5	3	10	4	0
5	3	10	5	0
5	3	10	6	0
5	3	10	7	0
5	3	10	8	0
5	3	10	9	0
5	3	10	10	0
5	3	10	11	0
5	3	10	12	0
5	4	1	1	0
5	4	1	2	0
5	4	1	3	0
5	4	1	4	0
5	4	1	5	0
5	4	1	6	0
5	4	1	7	0
5	4	1	8	0
5	4	1	9	0
5	4	1	10	0
5	4	1	11	BIO
5	4	1	12	BIO
5	4	2	1	432Sp8
5	4	2	2	456Sp21
5	4	2	3	432Sp8
5	4	2	4	456Sp21
5	4	2	5	432Sp8
5	4	2	6	456Sp21
5	4	2	7	481Sp0
5	4	2	8	515Sp
5	4	2	9	481Sp0
5	4	2	10	515Sp
5	4	2	11	481Sp0
5	4	2	12	515Sp
5	4	3	1	321Sp8
5	4	3	2	353Sp0
5	4	3	3	321Sp8
5	4	3	4	353Sp0
5	4	3	5	321Sp8
5	4	3	6	353Sp0
5	4	3	7	379Sp0
5	4	3	8	403Sp12
5	4	3	9	379Sp0
5	4	3	10	403Sp12
5	4	3	11	379Sp0
5	4	3	12	403Sp12
5	4	4	1	432Sp8
5	4	4	2	456Sp21
5	4	4	3	432Sp8
5	4	4	4	456Sp21
5	4	4	5	432Sp8
5	4	4	6	456Sp21
5	4	4	7	481Sp0
5	4	4	8	515Sp
5	4	4	9	481Sp0
5	4	4	10	515Sp
5	4	4	11	481Sp0
5	4	4	12	515Sp
5	4	5	1	321Sp8
5	4	5	2	353Sp0
5	4	5	3	321Sp8
5	4	5	4	353Sp0
5	4	5	5	321Sp8
5	4	5	6	353Sp0
5	4	5	7	379Sp0
5	4	5	8	403Sp12
5	4	5	9	379Sp0
5	4	5	10	403Sp12
5	4	5	11	379Sp0
5	4	5	12	403Sp12
5	4	6	1	109Sp0
5	4	6	2	132Sp0
5	4	6	3	109Sp0
5	4	6	4	132Sp0
5	4	6	5	109Sp0
5	4	6	6	132Sp0
5	4	6	7	154Sp0
5	4	6	8	178Sp8
5	4	6	9	154Sp0
5	4	6	10	178Sp8
5	4	6	11	154Sp0
5	4	6	12	178Sp8
5	4	7	1	22Sp8
5	4	7	2	42Sp8
5	4	7	3	22Sp8
5	4	7	4	42Sp8
5	4	7	5	22Sp8
5	4	7	6	42Sp8
5	4	7	7	61Sp0
5	4	7	8	84Sp8
5	4	7	9	61Sp0
5	4	7	10	84Sp8
5	4	7	11	61Sp0
5	4	7	12	84Sp8
5	4	8	1	109Sp0
5	4	8	2	132Sp0
5	4	8	3	109Sp0
5	4	8	4	132Sp0
5	4	8	5	109Sp0
5	4	8	6	132Sp0
5	4	8	7	154Sp0
5	4	8	8	178Sp8
5	4	8	9	154Sp0
5	4	8	10	178Sp8
5	4	8	11	154Sp0
5	4	8	12	178Sp8
5	4	9	1	22Sp8
5	4	9	2	42Sp8
5	4	9	3	22Sp8
5	4	9	4	42Sp8
5	4	9	5	22Sp8
5	4	9	6	42Sp8
5	4	9	7	61Sp0
5	4	9	8	84Sp8
5	4	9	9	61Sp0
5	4	9	10	84Sp8
5	4	9	11	61Sp0
5	4	9	12	84Sp8
5	4	10	1	BIO
5	4	10	2	BIO
5	4	10	3	0
5	4	10	4	0
5	4	10	5	0
5	4	10	6	0
5	4	10	7	0
5	4	10	8	0
5	4	10	9	0
5	4	10	10	0
5	4	10	11	0
5	4	10	12	0
6	1	1	1	0
6	1	1	2	0
6	1	1	3	0
6	1	1	4	0
6	1	1	5	0
6	1	1	6	0
6	1	1	7	0
6	1	1	8	0
6	1	1	9	0
6	1	1	10	0
6	1	1	11	BIO
6	1	1	12	BIO
6	1	2	1	416Sp14
6	1	2	2	441Sp14
6	1	2	3	416Sp14
6	1	2	4	441Sp14
6	1	2	5	416Sp14
6	1	2	6	441Sp14
6	1	2	7	465Sp10
6	1	2	8	500Sp8
6	1	2	9	465Sp10
6	1	2	10	500Sp8
6	1	2	11	465Sp10
6	1	2	12	500Sp8
6	1	3	1	300Sp0
6	1	3	2	332Sp9
6	1	3	3	300Sp0
6	1	3	4	332Sp9
6	1	3	5	300Sp0
6	1	3	6	332Sp9
6	1	3	7	362Sp0
6	1	3	8	388Sp12
6	1	3	9	362Sp0
6	1	3	10	388Sp12
6	1	3	11	362Sp0
6	1	3	12	388Sp12
6	1	4	1	416Sp14
6	1	4	2	441Sp14
6	1	4	3	416Sp14
6	1	4	4	441Sp14
6	1	4	5	416Sp14
6	1	4	6	441Sp14
6	1	4	7	465Sp10
6	1	4	8	500Sp8
6	1	4	9	465Sp10
6	1	4	10	500Sp8
6	1	4	11	465Sp10
6	1	4	12	500Sp8
6	1	5	1	300Sp0
6	1	5	2	332Sp9
6	1	5	3	300Sp0
6	1	5	4	332Sp9
6	1	5	5	300Sp0
6	1	5	6	332Sp9
6	1	5	7	362Sp0
6	1	5	8	388Sp12
6	1	5	9	362Sp0
6	1	5	10	388Sp12
6	1	5	11	362Sp0
6	1	5	12	388Sp12
6	1	6	1	97Sp0
6	1	6	2	119Sp8
6	1	6	3	97Sp0
6	1	6	4	119Sp8
6	1	6	5	97Sp0
6	1	6	6	119Sp8
6	1	6	7	140Sp8
6	1	6	8	163Sp8
6	1	6	9	140Sp8
6	1	6	10	163Sp8
6	1	6	11	140Sp8
6	1	6	12	163Sp8
6	1	7	1	10Sp15
6	1	7	2	31Sp0
6	1	7	3	10Sp15
6	1	7	4	31Sp0
6	1	7	5	10Sp15
6	1	7	6	31Sp0
6	1	7	7	50Sp12
6	1	7	8	69Sp8
6	1	7	9	50Sp12
6	1	7	10	69Sp8
6	1	7	11	50Sp12
6	1	7	12	69Sp8
6	1	8	1	97Sp0
6	1	8	2	119Sp8
6	1	8	3	97Sp0
6	1	8	4	119Sp8
6	1	8	5	97Sp0
6	1	8	6	119Sp8
6	1	8	7	140Sp8
6	1	8	8	163Sp8
6	1	8	9	140Sp8
6	1	8	10	163Sp8
6	1	8	11	140Sp8
6	1	8	12	163Sp8
6	1	9	1	10Sp15
6	1	9	2	31Sp0
6	1	9	3	10Sp15
6	1	9	4	31Sp0
6	1	9	5	10Sp15
6	1	9	6	31Sp0
6	1	9	7	50Sp12
6	1	9	8	69Sp8
6	1	9	9	50Sp12
6	1	9	10	69Sp8
6	1	9	11	50Sp12
6	1	9	12	69Sp8
6	1	10	1	BIO
6	1	10	2	BIO
6	1	10	3	0
6	1	10	4	0
6	1	10	5	0
6	1	10	6	0
6	1	10	7	0
6	1	10	8	0
6	1	10	9	0
6	1	10	10	0
6	1	10	11	0
6	1	10	12	0
6	2	1	1	0
6	2	1	2	0
6	2	1	3	0
6	2	1	4	0
6	2	1	5	0
6	2	1	6	0
6	2	1	7	0
6	2	1	8	0
6	2	1	9	0
6	2	1	10	0
6	2	1	11	BIO
6	2	1	12	BIO
6	2	2	1	417Sp0
6	2	2	2	442Sp14
6	2	2	3	417Sp0
6	2	2	4	442Sp14
6	2	2	5	417Sp0
6	2	2	6	442Sp14
6	2	2	7	466Sp10
6	2	2	8	501Sp10
6	2	2	9	466Sp10
6	2	2	10	501Sp10
6	2	2	11	466Sp10
6	2	2	12	501Sp10
6	2	3	1	301Sp0
6	2	3	2	333Sp14
6	2	3	3	301Sp0
6	2	3	4	333Sp14
6	2	3	5	301Sp0
6	2	3	6	333Sp14
6	2	3	7	363Sp0
6	2	3	8	389Sp22
6	2	3	9	363Sp0
6	2	3	10	389Sp22
6	2	3	11	363Sp0
6	2	3	12	389Sp22
6	2	4	1	417Sp0
6	2	4	2	442Sp14
6	2	4	3	417Sp0
6	2	4	4	442Sp14
6	2	4	5	417Sp0
6	2	4	6	442Sp14
6	2	4	7	466Sp10
6	2	4	8	501Sp10
6	2	4	9	466Sp10
6	2	4	10	501Sp10
6	2	4	11	466Sp10
6	2	4	12	501Sp10
6	2	5	1	301Sp0
6	2	5	2	333Sp14
6	2	5	3	301Sp0
6	2	5	4	333Sp14
6	2	5	5	301Sp0
6	2	5	6	333Sp14
6	2	5	7	363Sp0
6	2	5	8	389Sp22
6	2	5	9	363Sp0
6	2	5	10	389Sp22
6	2	5	11	363Sp0
6	2	5	12	389Sp22
6	2	6	1	98Sp8
6	2	6	2	120Sp8
6	2	6	3	98Sp8
6	2	6	4	120Sp8
6	2	6	5	98Sp8
6	2	6	6	120Sp8
6	2	6	7	141Sp8
6	2	6	8	164Sp0
6	2	6	9	141Sp8
6	2	6	10	164Sp0
6	2	6	11	141Sp8
6	2	6	12	164Sp0
6	2	7	1	11Sp8
6	2	7	2	31Sp8
6	2	7	3	11Sp8
6	2	7	4	31Sp8
6	2	7	5	11Sp8
6	2	7	6	31Sp8
6	2	7	7	51Sp
6	2	7	8	70Sp8
6	2	7	9	51Sp
6	2	7	10	70Sp8
6	2	7	11	51Sp
6	2	7	12	70Sp8
6	2	8	1	98Sp8
6	2	8	2	120Sp8
6	2	8	3	98Sp8
6	2	8	4	120Sp8
6	2	8	5	98Sp8
6	2	8	6	120Sp8
6	2	8	7	141Sp8
6	2	8	8	164Sp0
6	2	8	9	141Sp8
6	2	8	10	164Sp0
6	2	8	11	141Sp8
6	2	8	12	164Sp0
6	2	9	1	11Sp8
6	2	9	2	31Sp8
6	2	9	3	11Sp8
6	2	9	4	31Sp8
6	2	9	5	11Sp8
6	2	9	6	31Sp8
6	2	9	7	51Sp
6	2	9	8	70Sp8
6	2	9	9	51Sp
6	2	9	10	70Sp8
6	2	9	11	51Sp
6	2	9	12	70Sp8
6	2	10	1	BIO
6	2	10	2	BIO
6	2	10	3	0
6	2	10	4	0
6	2	10	5	0
6	2	10	6	0
6	2	10	7	0
6	2	10	8	0
6	2	10	9	0
6	2	10	10	0
6	2	10	11	0
6	2	10	12	0
6	3	1	1	0
6	3	1	2	0
6	3	1	3	0
6	3	1	4	0
6	3	1	5	0
6	3	1	6	0
6	3	1	7	0
6	3	1	8	0
6	3	1	9	0
6	3	1	10	0
6	3	1	11	BIO
6	3	1	12	BIO
6	3	2	1	429Sp14
6	3	2	2	453Sp19
6	3	2	3	429Sp14
6	3	2	4	453Sp19
6	3	2	5	429Sp14
6	3	2	6	453Sp19
6	3	2	7	478Sp14
6	3	2	8	512Sp14
6	3	2	9	478Sp14
6	3	2	10	512Sp14
6	3	2	11	478Sp14
6	3	2	12	512Sp14
6	3	3	1	316Sp0
6	3	3	2	350Sp0
6	3	3	3	316Sp0
6	3	3	4	350Sp0
6	3	3	5	316Sp0
6	3	3	6	350Sp0
6	3	3	7	374Sp22
6	3	3	8	400Sp14
6	3	3	9	374Sp22
6	3	3	10	400Sp14
6	3	3	11	374Sp22
6	3	3	12	400Sp14
6	3	4	1	429Sp14
6	3	4	2	453Sp19
6	3	4	3	429Sp14
6	3	4	4	453Sp19
6	3	4	5	429Sp14
6	3	4	6	453Sp19
6	3	4	7	478Sp14
6	3	4	8	512Sp14
6	3	4	9	478Sp14
6	3	4	10	512Sp14
6	3	4	11	478Sp14
6	3	4	12	512Sp14
6	3	5	1	316Sp0
6	3	5	2	350Sp0
6	3	5	3	316Sp0
6	3	5	4	350Sp0
6	3	5	5	316Sp0
6	3	5	6	350Sp0
6	3	5	7	374Sp22
6	3	5	8	400Sp14
6	3	5	9	374Sp22
6	3	5	10	400Sp14
6	3	5	11	374Sp22
6	3	5	12	400Sp14
6	3	6	1	107Sp8
6	3	6	2	129Sp0
6	3	6	3	107Sp8
6	3	6	4	129Sp0
6	3	6	5	107Sp8
6	3	6	6	129Sp0
6	3	6	7	152Sp14
6	3	6	8	176Sp8
6	3	6	9	152Sp14
6	3	6	10	176Sp8
6	3	6	11	152Sp14
6	3	6	12	176Sp8
6	3	7	1	19Sp8
6	3	7	2	40Sp0
6	3	7	3	19Sp8
6	3	7	4	40Sp0
6	3	7	5	19Sp8
6	3	7	6	40Sp0
6	3	7	7	58Sp10
6	3	7	8	80Sp18
6	3	7	9	58Sp10
6	3	7	10	80Sp18
6	3	7	11	58Sp10
6	3	7	12	80Sp18
6	3	8	1	107Sp8
6	3	8	2	129Sp0
6	3	8	3	107Sp8
6	3	8	4	129Sp0
6	3	8	5	107Sp8
6	3	8	6	129Sp0
6	3	8	7	152Sp14
6	3	8	8	176Sp8
6	3	8	9	152Sp14
6	3	8	10	176Sp8
6	3	8	11	152Sp14
6	3	8	12	176Sp8
6	3	9	1	19Sp8
6	3	9	2	40Sp0
6	3	9	3	19Sp8
6	3	9	4	40Sp0
6	3	9	5	19Sp8
6	3	9	6	40Sp0
6	3	9	7	58Sp10
6	3	9	8	80Sp18
6	3	9	9	58Sp10
6	3	9	10	80Sp18
6	3	9	11	58Sp10
6	3	9	12	80Sp18
6	3	10	1	BIO
6	3	10	2	BIO
6	3	10	3	0
6	3	10	4	0
6	3	10	5	0
6	3	10	6	0
6	3	10	7	0
6	3	10	8	0
6	3	10	9	0
6	3	10	10	0
6	3	10	11	0
6	3	10	12	0
6	4	1	1	0
6	4	1	2	0
6	4	1	3	0
6	4	1	4	0
6	4	1	5	0
6	4	1	6	0
6	4	1	7	0
6	4	1	8	0
6	4	1	9	0
6	4	1	10	0
6	4	1	11	BIO
6	4	1	12	BIO
6	4	2	1	430Sp0
6	4	2	2	454Sp21
6	4	2	3	430Sp0
6	4	2	4	454Sp21
6	4	2	5	430Sp0
6	4	2	6	454Sp21
6	4	2	7	479Sp14
6	4	2	8	513Sp14
6	4	2	9	479Sp14
6	4	2	10	513Sp14
6	4	2	11	479Sp14
6	4	2	12	513Sp14
6	4	3	1	317Sp0
6	4	3	2	351Sp0
6	4	3	3	317Sp0
6	4	3	4	351Sp0
6	4	3	5	317Sp0
6	4	3	6	351Sp0
6	4	3	7	375Sp22
6	4	3	8	401Sp14
6	4	3	9	375Sp22
6	4	3	10	401Sp14
6	4	3	11	375Sp22
6	4	3	12	401Sp14
6	4	4	1	430Sp0
6	4	4	2	454Sp21
6	4	4	3	430Sp0
6	4	4	4	454Sp21
6	4	4	5	430Sp0
6	4	4	6	454Sp21
6	4	4	7	479Sp14
6	4	4	8	513Sp14
6	4	4	9	479Sp14
6	4	4	10	513Sp14
6	4	4	11	479Sp14
6	4	4	12	513Sp14
6	4	5	1	317Sp0
6	4	5	2	351Sp0
6	4	5	3	317Sp0
6	4	5	4	351Sp0
6	4	5	5	317Sp0
6	4	5	6	351Sp0
6	4	5	7	375Sp22
6	4	5	8	401Sp14
6	4	5	9	375Sp22
6	4	5	10	401Sp14
6	4	5	11	375Sp22
6	4	5	12	401Sp14
6	4	6	1	108Sp0
6	4	6	2	130Sp8
6	4	6	3	108Sp0
6	4	6	4	130Sp8
6	4	6	5	108Sp0
6	4	6	6	130Sp8
6	4	6	7	153sp0
6	4	6	8	176Sp14
6	4	6	9	153sp0
6	4	6	10	176Sp14
6	4	6	11	153sp0
6	4	6	12	176Sp14
6	4	7	1	20Sp8
6	4	7	2	40Sp8
6	4	7	3	20Sp8
6	4	7	4	40Sp8
6	4	7	5	20Sp8
6	4	7	6	40Sp8
6	4	7	7	60Sp0
6	4	7	8	81Sp8
6	4	7	9	60Sp0
6	4	7	10	81Sp8
6	4	7	11	60Sp0
6	4	7	12	81Sp8
6	4	8	1	108Sp0
6	4	8	2	130Sp8
6	4	8	3	108Sp0
6	4	8	4	130Sp8
6	4	8	5	108Sp0
6	4	8	6	130Sp8
6	4	8	7	153sp0
6	4	8	8	176Sp14
6	4	8	9	153sp0
6	4	8	10	176Sp14
6	4	8	11	153sp0
6	4	8	12	176Sp14
6	4	9	1	20Sp8
6	4	9	2	40Sp8
6	4	9	3	20Sp8
6	4	9	4	40Sp8
6	4	9	5	20Sp8
6	4	9	6	40Sp8
6	4	9	7	60Sp0
6	4	9	8	81Sp8
6	4	9	9	60Sp0
6	4	9	10	81Sp8
6	4	9	11	60Sp0
6	4	9	12	81Sp8
6	4	10	1	BIO
6	4	10	2	BIO
6	4	10	3	0
6	4	10	4	0
6	4	10	5	0
6	4	10	6	0
6	4	10	7	0
6	4	10	8	0
6	4	10	9	0
6	4	10	10	0
6	4	10	11	0
6	4	10	12	0
7	1	1	1	0
7	1	1	2	0
7	1	1	3	0
7	1	1	4	0
7	1	1	5	0
7	1	1	6	0
7	1	1	7	0
7	1	1	8	0
7	1	1	9	0
7	1	1	10	0
7	1	1	11	BIO
7	1	1	12	BIO
7	1	2	1	414Sp0
7	1	2	2	439Sp14
7	1	2	3	414Sp0
7	1	2	4	439Sp14
7	1	2	5	414Sp0
7	1	2	6	439Sp14
7	1	2	7	463Sp21
7	1	2	8	497Sp
7	1	2	9	463Sp21
7	1	2	10	497Sp
7	1	2	11	463Sp21
7	1	2	12	497Sp
7	1	3	1	189Sp0
7	1	3	2	229Sp8
7	1	3	3	189Sp0
7	1	3	4	229Sp8
7	1	3	5	189Sp0
7	1	3	6	229Sp8
7	1	3	7	253Sp0
7	1	3	8	277Sp8
7	1	3	9	253Sp0
7	1	3	10	277Sp8
7	1	3	11	253Sp0
7	1	3	12	277Sp8
7	1	4	1	414Sp0
7	1	4	2	439Sp14
7	1	4	3	414Sp0
7	1	4	4	439Sp14
7	1	4	5	414Sp0
7	1	4	6	439Sp14
7	1	4	7	463Sp21
7	1	4	8	497Sp
7	1	4	9	463Sp21
7	1	4	10	497Sp
7	1	4	11	463Sp21
7	1	4	12	497Sp
7	1	5	1	189Sp0
7	1	5	2	229Sp8
7	1	5	3	189Sp0
7	1	5	4	229Sp8
7	1	5	5	189Sp0
7	1	5	6	229Sp8
7	1	5	7	253Sp0
7	1	5	8	277Sp8
7	1	5	9	253Sp0
7	1	5	10	277Sp8
7	1	5	11	253Sp0
7	1	5	12	277Sp8
7	1	6	1	95Sp8
7	1	6	2	115Sp8
7	1	6	3	95Sp8
7	1	6	4	115Sp8
7	1	6	5	95Sp8
7	1	6	6	115Sp8
7	1	6	7	138Sp0
7	1	6	8	162Sp8
7	1	6	9	138Sp0
7	1	6	10	162Sp8
7	1	6	11	138Sp0
7	1	6	12	162Sp8
7	1	7	1	9Sp8
7	1	7	2	29Sp8
7	1	7	3	9Sp8
7	1	7	4	29Sp8
7	1	7	5	9Sp8
7	1	7	6	29Sp8
7	1	7	7	49Sp12
7	1	7	8	67Sp8
7	1	7	9	49Sp12
7	1	7	10	67Sp8
7	1	7	11	49Sp12
7	1	7	12	67Sp8
7	1	8	1	95Sp8
7	1	8	2	115Sp8
7	1	8	3	95Sp8
7	1	8	4	115Sp8
7	1	8	5	95Sp8
7	1	8	6	115Sp8
7	1	8	7	138Sp0
7	1	8	8	162Sp8
7	1	8	9	138Sp0
7	1	8	10	162Sp8
7	1	8	11	138Sp0
7	1	8	12	162Sp8
7	1	9	1	9Sp8
7	1	9	2	29Sp8
7	1	9	3	9Sp8
7	1	9	4	29Sp8
7	1	9	5	9Sp8
7	1	9	6	29Sp8
7	1	9	7	49Sp12
7	1	9	8	67Sp8
7	1	9	9	49Sp12
7	1	9	10	67Sp8
7	1	9	11	49Sp12
7	1	9	12	67Sp8
7	1	10	1	BIO
7	1	10	2	BIO
7	1	10	3	0
7	1	10	4	0
7	1	10	5	0
7	1	10	6	0
7	1	10	7	0
7	1	10	8	0
7	1	10	9	0
7	1	10	10	0
7	1	10	11	0
7	1	10	12	0
7	2	1	1	0
7	2	1	2	0
7	2	1	3	0
7	2	1	4	0
7	2	1	5	0
7	2	1	6	0
7	2	1	7	0
7	2	1	8	0
7	2	1	9	0
7	2	1	10	0
7	2	1	11	BIO
7	2	1	12	BIO
7	2	2	1	415Sp14
7	2	2	2	440Sp0
7	2	2	3	415Sp14
7	2	2	4	440Sp0
7	2	2	5	415Sp14
7	2	2	6	440Sp0
7	2	2	7	464Sp10
7	2	2	8	499Sp8
7	2	2	9	464Sp10
7	2	2	10	499Sp8
7	2	2	11	464Sp10
7	2	2	12	499Sp8
7	2	3	1	190Sp9
7	2	3	2	230Sp0
7	2	3	3	190Sp9
7	2	3	4	230Sp0
7	2	3	5	190Sp9
7	2	3	6	230Sp0
7	2	3	7	253Sp8
7	2	3	8	278Sp8
7	2	3	9	253Sp8
7	2	3	10	278Sp8
7	2	3	11	253Sp8
7	2	3	12	278Sp8
7	2	4	1	415Sp14
7	2	4	2	440Sp0
7	2	4	3	415Sp14
7	2	4	4	440Sp0
7	2	4	5	415Sp14
7	2	4	6	440Sp0
7	2	4	7	464Sp10
7	2	4	8	499Sp8
7	2	4	9	464Sp10
7	2	4	10	499Sp8
7	2	4	11	464Sp10
7	2	4	12	499Sp8
7	2	5	1	190Sp9
7	2	5	2	230Sp0
7	2	5	3	190Sp9
7	2	5	4	230Sp0
7	2	5	5	190Sp9
7	2	5	6	230Sp0
7	2	5	7	253Sp8
7	2	5	8	278Sp8
7	2	5	9	253Sp8
7	2	5	10	278Sp8
7	2	5	11	253Sp8
7	2	5	12	278Sp8
7	2	6	1	96Sp0
7	2	6	2	116Sp8
7	2	6	3	96Sp0
7	2	6	4	116Sp8
7	2	6	5	96Sp0
7	2	6	6	116Sp8
7	2	6	7	140Sp0
7	2	6	8	162Sp14
7	2	6	9	140Sp0
7	2	6	10	162Sp14
7	2	6	11	140Sp0
7	2	6	12	162Sp14
7	2	7	1	10Sp8
7	2	7	2	30Sp8
7	2	7	3	10Sp8
7	2	7	4	30Sp8
7	2	7	5	10Sp8
7	2	7	6	30Sp8
7	2	7	7	49Sp13
7	2	7	8	68Sp0
7	2	7	9	49Sp13
7	2	7	10	68Sp0
7	2	7	11	49Sp13
7	2	7	12	68Sp0
7	2	8	1	96Sp0
7	2	8	2	116Sp8
7	2	8	3	96Sp0
7	2	8	4	116Sp8
7	2	8	5	96Sp0
7	2	8	6	116Sp8
7	2	8	7	140Sp0
7	2	8	8	162Sp14
7	2	8	9	140Sp0
7	2	8	10	162Sp14
7	2	8	11	140Sp0
7	2	8	12	162Sp14
7	2	9	1	10Sp8
7	2	9	2	30Sp8
7	2	9	3	10Sp8
7	2	9	4	30Sp8
7	2	9	5	10Sp8
7	2	9	6	30Sp8
7	2	9	7	49Sp13
7	2	9	8	68Sp0
7	2	9	9	49Sp13
7	2	9	10	68Sp0
7	2	9	11	49Sp13
7	2	9	12	68Sp0
7	2	10	1	BIO
7	2	10	2	BIO
7	2	10	3	0
7	2	10	4	0
7	2	10	5	0
7	2	10	6	0
7	2	10	7	0
7	2	10	8	0
7	2	10	9	0
7	2	10	10	0
7	2	10	11	0
7	2	10	12	0
7	3	1	1	0
7	3	1	2	0
7	3	1	3	0
7	3	1	4	0
7	3	1	5	0
7	3	1	6	0
7	3	1	7	0
7	3	1	8	0
7	3	1	9	0
7	3	1	10	0
7	3	1	11	BIO
7	3	1	12	BIO
7	3	2	1	427Sp19
7	3	2	2	451Sp22
7	3	2	3	427Sp19
7	3	2	4	451Sp22
7	3	2	5	427Sp19
7	3	2	6	451Sp22
7	3	2	7	475Sp14
7	3	2	8	510Sp0
7	3	2	9	475Sp14
7	3	2	10	510Sp0
7	3	2	11	475Sp14
7	3	2	12	510Sp0
7	3	3	1	210Sp0
7	3	3	2	243Sp8
7	3	3	3	210Sp0
7	3	3	4	243Sp8
7	3	3	5	210Sp0
7	3	3	6	243Sp8
7	3	3	7	264Sp0
7	3	3	8	298SP0
7	3	3	9	264Sp0
7	3	3	10	298SP0
7	3	3	11	264Sp0
7	3	3	12	298SP0
7	3	4	1	427Sp19
7	3	4	2	451Sp22
7	3	4	3	427Sp19
7	3	4	4	451Sp22
7	3	4	5	427Sp19
7	3	4	6	451Sp22
7	3	4	7	475Sp14
7	3	4	8	510Sp0
7	3	4	9	475Sp14
7	3	4	10	510Sp0
7	3	4	11	475Sp14
7	3	4	12	510Sp0
7	3	5	1	210Sp0
7	3	5	2	243Sp8
7	3	5	3	210Sp0
7	3	5	4	243Sp8
7	3	5	5	210Sp0
7	3	5	6	243Sp8
7	3	5	7	264Sp0
7	3	5	8	298SP0
7	3	5	9	264Sp0
7	3	5	10	298SP0
7	3	5	11	264Sp0
7	3	5	12	298SP0
7	3	6	1	105SP0
7	3	6	2	127Sp8
7	3	6	3	105SP0
7	3	6	4	127Sp8
7	3	6	5	105SP0
7	3	6	6	127Sp8
7	3	6	7	150Sp8
7	3	6	8	173Sp8
7	3	6	9	150Sp8
7	3	6	10	173Sp8
7	3	6	11	150Sp8
7	3	6	12	173Sp8
7	3	7	1	18Sp8
7	3	7	2	38Sp8
7	3	7	3	18Sp8
7	3	7	4	38Sp8
7	3	7	5	18Sp8
7	3	7	6	38Sp8
7	3	7	7	57Sp9
7	3	7	8	79Sp8
7	3	7	9	57Sp9
7	3	7	10	79Sp8
7	3	7	11	57Sp9
7	3	7	12	79Sp8
7	3	8	1	105SP0
7	3	8	2	127Sp8
7	3	8	3	105SP0
7	3	8	4	127Sp8
7	3	8	5	105SP0
7	3	8	6	127Sp8
7	3	8	7	150Sp8
7	3	8	8	173Sp8
7	3	8	9	150Sp8
7	3	8	10	173Sp8
7	3	8	11	150Sp8
7	3	8	12	173Sp8
7	3	9	1	18Sp8
7	3	9	2	38Sp8
7	3	9	3	18Sp8
7	3	9	4	38Sp8
7	3	9	5	18Sp8
7	3	9	6	38Sp8
7	3	9	7	57Sp9
7	3	9	8	79Sp8
7	3	9	9	57Sp9
7	3	9	10	79Sp8
7	3	9	11	57Sp9
7	3	9	12	79Sp8
7	3	10	1	BIO
7	3	10	2	BIO
7	3	10	3	0
7	3	10	4	0
7	3	10	5	0
7	3	10	6	0
7	3	10	7	0
7	3	10	8	0
7	3	10	9	0
7	3	10	10	0
7	3	10	11	0
7	3	10	12	0
7	4	1	1	0
7	4	1	2	0
7	4	1	3	0
7	4	1	4	0
7	4	1	5	0
7	4	1	6	0
7	4	1	7	0
7	4	1	8	0
7	4	1	9	0
7	4	1	10	0
7	4	1	11	BIO
7	4	1	12	BIO
7	4	2	1	428Sp
7	4	2	2	452Sp22
7	4	2	3	428Sp
7	4	2	4	452Sp22
7	4	2	5	428Sp
7	4	2	6	452Sp22
7	4	2	7	476Sp0
7	4	2	8	511Sp14
7	4	2	9	476Sp0
7	4	2	10	511Sp14
7	4	2	11	476Sp0
7	4	2	12	511Sp14
7	4	3	1	211Sp8
7	4	3	2	244Sp8
7	4	3	3	211Sp8
7	4	3	4	244Sp8
7	4	3	5	211Sp8
7	4	3	6	244Sp8
7	4	3	7	267Sp8
7	4	3	8	299Sp0
7	4	3	9	267Sp8
7	4	3	10	299Sp0
7	4	3	11	267Sp8
7	4	3	12	299Sp0
7	4	4	1	428Sp
7	4	4	2	452Sp22
7	4	4	3	428Sp
7	4	4	4	452Sp22
7	4	4	5	428Sp
7	4	4	6	452Sp22
7	4	4	7	476Sp0
7	4	4	8	511Sp14
7	4	4	9	476Sp0
7	4	4	10	511Sp14
7	4	4	11	476Sp0
7	4	4	12	511Sp14
7	4	5	1	211Sp8
7	4	5	2	244Sp8
7	4	5	3	211Sp8
7	4	5	4	244Sp8
7	4	5	5	211Sp8
7	4	5	6	244Sp8
7	4	5	7	267Sp8
7	4	5	8	299Sp0
7	4	5	9	267Sp8
7	4	5	10	299Sp0
7	4	5	11	267Sp8
7	4	5	12	299Sp0
7	4	6	1	106Sp8
7	4	6	2	128Sp0
7	4	6	3	106Sp8
7	4	6	4	128Sp0
7	4	6	5	106Sp8
7	4	6	6	128Sp0
7	4	6	7	152Sp8
7	4	6	8	175Sp8
7	4	6	9	152Sp8
7	4	6	10	175Sp8
7	4	6	11	152Sp8
7	4	6	12	175Sp8
7	4	7	1	19Sp0
7	4	7	2	39Sp8
7	4	7	3	19Sp0
7	4	7	4	39Sp8
7	4	7	5	19Sp0
7	4	7	6	39Sp8
7	4	7	7	58Sp8
7	4	7	8	80Sp8
7	4	7	9	58Sp8
7	4	7	10	80Sp8
7	4	7	11	58Sp8
7	4	7	12	80Sp8
7	4	8	1	106Sp8
7	4	8	2	128Sp0
7	4	8	3	106Sp8
7	4	8	4	128Sp0
7	4	8	5	106Sp8
7	4	8	6	128Sp0
7	4	8	7	152Sp8
7	4	8	8	175Sp8
7	4	8	9	152Sp8
7	4	8	10	175Sp8
7	4	8	11	152Sp8
7	4	8	12	175Sp8
7	4	9	1	19Sp0
7	4	9	2	39Sp8
7	4	9	3	19Sp0
7	4	9	4	39Sp8
7	4	9	5	19Sp0
7	4	9	6	39Sp8
7	4	9	7	58Sp8
7	4	9	8	80Sp8
7	4	9	9	58Sp8
7	4	9	10	80Sp8
7	4	9	11	58Sp8
7	4	9	12	80Sp8
7	4	10	1	BIO
7	4	10	2	BIO
7	4	10	3	0
7	4	10	4	0
7	4	10	5	0
7	4	10	6	0
7	4	10	7	0
7	4	10	8	0
7	4	10	9	0
7	4	10	10	0
7	4	10	11	0
7	4	10	12	0
8	1	1	1	0
8	1	1	2	0
8	1	1	3	0
8	1	1	4	0
8	1	1	5	0
8	1	1	6	0
8	1	1	7	0
8	1	1	8	0
8	1	1	9	0
8	1	1	10	0
8	1	1	11	BIO
8	1	1	12	BIO
8	1	2	1	412Sp21
8	1	2	2	437Sp0
8	1	2	3	412Sp21
8	1	2	4	437Sp0
8	1	2	5	412Sp21
8	1	2	6	437Sp0
8	1	2	7	461Sp21
8	1	2	8	486Sp22
8	1	2	9	461Sp21
8	1	2	10	486Sp22
8	1	2	11	461Sp21
8	1	2	12	486Sp22
8	1	3	1	187Sp8
8	1	3	2	225Sp0
8	1	3	3	187Sp8
8	1	3	4	225Sp0
8	1	3	5	187Sp8
8	1	3	6	225Sp0
8	1	3	7	251Sp8
8	1	3	8	274Sp0
8	1	3	9	251Sp8
8	1	3	10	274Sp0
8	1	3	11	251Sp8
8	1	3	12	274Sp0
8	1	4	1	412Sp21
8	1	4	2	437Sp0
8	1	4	3	412Sp21
8	1	4	4	437Sp0
8	1	4	5	412Sp21
8	1	4	6	437Sp0
8	1	4	7	461Sp21
8	1	4	8	486Sp22
8	1	4	9	461Sp21
8	1	4	10	486Sp22
8	1	4	11	461Sp21
8	1	4	12	486Sp22
8	1	5	1	187Sp8
8	1	5	2	225Sp0
8	1	5	3	187Sp8
8	1	5	4	225Sp0
8	1	5	5	187Sp8
8	1	5	6	225Sp0
8	1	5	7	251Sp8
8	1	5	8	274Sp0
8	1	5	9	251Sp8
8	1	5	10	274Sp0
8	1	5	11	251Sp8
8	1	5	12	274Sp0
8	1	6	1	94Sp8
8	1	6	2	114Sp0
8	1	6	3	94Sp8
8	1	6	4	114Sp0
8	1	6	5	94Sp8
8	1	6	6	114Sp0
8	1	6	7	136Sp8
8	1	6	8	159Sp8
8	1	6	9	136Sp8
8	1	6	10	159Sp8
8	1	6	11	136Sp8
8	1	6	12	159Sp8
8	1	7	1	7Sp8
8	1	7	2	27Sp0
8	1	7	3	7Sp8
8	1	7	4	27Sp0
8	1	7	5	7Sp8
8	1	7	6	27Sp0
8	1	7	7	48Sp12
8	1	7	8	66Sp0
8	1	7	9	48Sp12
8	1	7	10	66Sp0
8	1	7	11	48Sp12
8	1	7	12	66Sp0
8	1	8	1	94Sp8
8	1	8	2	114Sp0
8	1	8	3	94Sp8
8	1	8	4	114Sp0
8	1	8	5	94Sp8
8	1	8	6	114Sp0
8	1	8	7	136Sp8
8	1	8	8	159Sp8
8	1	8	9	136Sp8
8	1	8	10	159Sp8
8	1	8	11	136Sp8
8	1	8	12	159Sp8
8	1	9	1	7Sp8
8	1	9	2	27Sp0
8	1	9	3	7Sp8
8	1	9	4	27Sp0
8	1	9	5	7Sp8
8	1	9	6	27Sp0
8	1	9	7	48Sp12
8	1	9	8	66Sp0
8	1	9	9	48Sp12
8	1	9	10	66Sp0
8	1	9	11	48Sp12
8	1	9	12	66Sp0
8	1	10	1	BIO
8	1	10	2	BIO
8	1	10	3	0
8	1	10	4	0
8	1	10	5	0
8	1	10	6	0
8	1	10	7	0
8	1	10	8	0
8	1	10	9	0
8	1	10	10	0
8	1	10	11	0
8	1	10	12	0
8	2	1	1	0
8	2	1	2	0
8	2	1	3	0
8	2	1	4	0
8	2	1	5	0
8	2	1	6	0
8	2	1	7	0
8	2	1	8	0
8	2	1	9	0
8	2	1	10	0
8	2	1	11	BIO
8	2	1	12	BIO
8	2	2	1	413Sp0
8	2	2	2	438Sp14
8	2	2	3	413Sp0
8	2	2	4	438Sp14
8	2	2	5	413Sp0
8	2	2	6	438Sp14
8	2	2	7	462Sp21
8	2	2	8	487Sp19
8	2	2	9	462Sp21
8	2	2	10	487Sp19
8	2	2	11	462Sp21
8	2	2	12	487Sp19
8	2	3	1	188Sp0
8	2	3	2	227Sp8
8	2	3	3	188Sp0
8	2	3	4	227Sp8
8	2	3	5	188Sp0
8	2	3	6	227Sp8
8	2	3	7	252Sp0
8	2	3	8	275Sp0
8	2	3	9	252Sp0
8	2	3	10	275Sp0
8	2	3	11	252Sp0
8	2	3	12	275Sp0
8	2	4	1	413Sp0
8	2	4	2	438Sp14
8	2	4	3	413Sp0
8	2	4	4	438Sp14
8	2	4	5	413Sp0
8	2	4	6	438Sp14
8	2	4	7	462Sp21
8	2	4	8	487Sp19
8	2	4	9	462Sp21
8	2	4	10	487Sp19
8	2	4	11	462Sp21
8	2	4	12	487Sp19
8	2	5	1	188Sp0
8	2	5	2	227Sp8
8	2	5	3	188Sp0
8	2	5	4	227Sp8
8	2	5	5	188Sp0
8	2	5	6	227Sp8
8	2	5	7	252Sp0
8	2	5	8	275Sp0
8	2	5	9	252Sp0
8	2	5	10	275Sp0
8	2	5	11	252Sp0
8	2	5	12	275Sp0
8	2	6	1	95Sp0
8	2	6	2	115Sp0
8	2	6	3	95Sp0
8	2	6	4	115Sp0
8	2	6	5	95Sp0
8	2	6	6	115Sp0
8	2	6	7	137Sp0
8	2	6	8	161Sp8
8	2	6	9	137Sp0
8	2	6	10	161Sp8
8	2	6	11	137Sp0
8	2	6	12	161Sp8
8	2	7	1	8Sp8
8	2	7	2	27Sp8
8	2	7	3	8Sp8
8	2	7	4	27Sp8
8	2	7	5	8Sp8
8	2	7	6	27Sp8
8	2	7	7	48Sp13
8	2	7	8	67Sp0
8	2	7	9	48Sp13
8	2	7	10	67Sp0
8	2	7	11	48Sp13
8	2	7	12	67Sp0
8	2	8	1	95Sp0
8	2	8	2	115Sp0
8	2	8	3	95Sp0
8	2	8	4	115Sp0
8	2	8	5	95Sp0
8	2	8	6	115Sp0
8	2	8	7	137Sp0
8	2	8	8	161Sp8
8	2	8	9	137Sp0
8	2	8	10	161Sp8
8	2	8	11	137Sp0
8	2	8	12	161Sp8
8	2	9	1	8Sp8
8	2	9	2	27Sp8
8	2	9	3	8Sp8
8	2	9	4	27Sp8
8	2	9	5	8Sp8
8	2	9	6	27Sp8
8	2	9	7	48Sp13
8	2	9	8	67Sp0
8	2	9	9	48Sp13
8	2	9	10	67Sp0
8	2	9	11	48Sp13
8	2	9	12	67Sp0
8	2	10	1	BIO
8	2	10	2	BIO
8	2	10	3	0
8	2	10	4	0
8	2	10	5	0
8	2	10	6	0
8	2	10	7	0
8	2	10	8	0
8	2	10	9	0
8	2	10	10	0
8	2	10	11	0
8	2	10	12	0
8	3	1	1	0
8	3	1	2	0
8	3	1	3	0
8	3	1	4	0
8	3	1	5	0
8	3	1	6	0
8	3	1	7	0
8	3	1	8	0
8	3	1	9	0
8	3	1	10	0
8	3	1	11	BIO
8	3	1	12	BIO
8	3	2	1	425Sp14
8	3	2	2	449Sp14
8	3	2	3	425Sp14
8	3	2	4	449Sp14
8	3	2	5	425Sp14
8	3	2	6	449Sp14
8	3	2	7	473Sp14
8	3	2	8	508Sp21
8	3	2	9	473Sp14
8	3	2	10	508Sp21
8	3	2	11	473Sp14
8	3	2	12	508Sp21
8	3	3	1	205Sp12
8	3	3	2	238Sp0
8	3	3	3	205Sp12
8	3	3	4	238Sp0
8	3	3	5	205Sp12
8	3	3	6	238Sp0
8	3	3	7	261Sp8
8	3	3	8	295Sp14
8	3	3	9	261Sp8
8	3	3	10	295Sp14
8	3	3	11	261Sp8
8	3	3	12	295Sp14
8	3	4	1	425Sp14
8	3	4	2	449Sp14
8	3	4	3	425Sp14
8	3	4	4	449Sp14
8	3	4	5	425Sp14
8	3	4	6	449Sp14
8	3	4	7	473Sp14
8	3	4	8	508Sp21
8	3	4	9	473Sp14
8	3	4	10	508Sp21
8	3	4	11	473Sp14
8	3	4	12	508Sp21
8	3	5	1	205Sp12
8	3	5	2	238Sp0
8	3	5	3	205Sp12
8	3	5	4	238Sp0
8	3	5	5	205Sp12
8	3	5	6	238Sp0
8	3	5	7	261Sp8
8	3	5	8	295Sp14
8	3	5	9	261Sp8
8	3	5	10	295Sp14
8	3	5	11	261Sp8
8	3	5	12	295Sp14
8	3	6	1	103Sp0
8	3	6	2	126Sp14
8	3	6	3	103Sp0
8	3	6	4	126Sp14
8	3	6	5	103Sp0
8	3	6	6	126Sp14
8	3	6	7	148Sp0
8	3	6	8	170Sp8
8	3	6	9	148Sp0
8	3	6	10	170Sp8
8	3	6	11	148Sp0
8	3	6	12	170Sp8
8	3	7	1	16Sp8
8	3	7	2	35Sp8
8	3	7	3	16Sp8
8	3	7	4	35Sp8
8	3	7	5	16Sp8
8	3	7	6	35Sp8
8	3	7	7	56Sp14
8	3	7	8	77Sp8
8	3	7	9	56Sp14
8	3	7	10	77Sp8
8	3	7	11	56Sp14
8	3	7	12	77Sp8
8	3	8	1	103Sp0
8	3	8	2	126Sp14
8	3	8	3	103Sp0
8	3	8	4	126Sp14
8	3	8	5	103Sp0
8	3	8	6	126Sp14
8	3	8	7	148Sp0
8	3	8	8	170Sp8
8	3	8	9	148Sp0
8	3	8	10	170Sp8
8	3	8	11	148Sp0
8	3	8	12	170Sp8
8	3	9	1	16Sp8
8	3	9	2	35Sp8
8	3	9	3	16Sp8
8	3	9	4	35Sp8
8	3	9	5	16Sp8
8	3	9	6	35Sp8
8	3	9	7	56Sp14
8	3	9	8	77Sp8
8	3	9	9	56Sp14
8	3	9	10	77Sp8
8	3	9	11	56Sp14
8	3	9	12	77Sp8
8	3	10	1	BIO
8	3	10	2	BIO
8	3	10	3	0
8	3	10	4	0
8	3	10	5	0
8	3	10	6	0
8	3	10	7	0
8	3	10	8	0
8	3	10	9	0
8	3	10	10	0
8	3	10	11	0
8	3	10	12	0
8	4	1	1	0
8	4	1	2	0
8	4	1	3	0
8	4	1	4	0
8	4	1	5	0
8	4	1	6	0
8	4	1	7	0
8	4	1	8	0
8	4	1	9	0
8	4	1	10	0
8	4	1	11	BIO
8	4	1	12	BIO
8	4	2	1	426Sp0
8	4	2	2	450Sp14
8	4	2	3	426Sp0
8	4	2	4	450Sp14
8	4	2	5	426Sp0
8	4	2	6	450Sp14
8	4	2	7	474Sp14
8	4	2	8	509Sp21
8	4	2	9	474Sp14
8	4	2	10	509Sp21
8	4	2	11	474Sp14
8	4	2	12	509Sp21
8	4	3	1	208Sp0
8	4	3	2	240Sp8
8	4	3	3	208Sp0
8	4	3	4	240Sp8
8	4	3	5	208Sp0
8	4	3	6	240Sp8
8	4	3	7	263Sp8
8	4	3	8	297Sp0
8	4	3	9	263Sp8
8	4	3	10	297Sp0
8	4	3	11	263Sp8
8	4	3	12	297Sp0
8	4	4	1	426Sp0
8	4	4	2	450Sp14
8	4	4	3	426Sp0
8	4	4	4	450Sp14
8	4	4	5	426Sp0
8	4	4	6	450Sp14
8	4	4	7	474Sp14
8	4	4	8	509Sp21
8	4	4	9	474Sp14
8	4	4	10	509Sp21
8	4	4	11	474Sp14
8	4	4	12	509Sp21
8	4	5	1	208Sp0
8	4	5	2	240Sp8
8	4	5	3	208Sp0
8	4	5	4	240Sp8
8	4	5	5	208Sp0
8	4	5	6	240Sp8
8	4	5	7	263Sp8
8	4	5	8	297Sp0
8	4	5	9	263Sp8
8	4	5	10	297Sp0
8	4	5	11	263Sp8
8	4	5	12	297Sp0
8	4	6	1	104Sp8
8	4	6	2	126Sp16
8	4	6	3	104Sp8
8	4	6	4	126Sp16
8	4	6	5	104Sp8
8	4	6	6	126Sp16
8	4	6	7	148Sp8
8	4	6	8	171Sp8
8	4	6	9	148Sp8
8	4	6	10	171Sp8
8	4	6	11	148Sp8
8	4	6	12	171Sp8
8	4	7	1	17Sp8
8	4	7	2	37Sp0
8	4	7	3	17Sp8
8	4	7	4	37Sp0
8	4	7	5	17Sp8
8	4	7	6	37Sp0
8	4	7	7	57Sp0
8	4	7	8	78Sp0
8	4	7	9	57Sp0
8	4	7	10	78Sp0
8	4	7	11	57Sp0
8	4	7	12	78Sp0
8	4	8	1	104Sp8
8	4	8	2	126Sp16
8	4	8	3	104Sp8
8	4	8	4	126Sp16
8	4	8	5	104Sp8
8	4	8	6	126Sp16
8	4	8	7	148Sp8
8	4	8	8	171Sp8
8	4	8	9	148Sp8
8	4	8	10	171Sp8
8	4	8	11	148Sp8
8	4	8	12	171Sp8
8	4	9	1	17Sp8
8	4	9	2	37Sp0
8	4	9	3	17Sp8
8	4	9	4	37Sp0
8	4	9	5	17Sp8
8	4	9	6	37Sp0
8	4	9	7	57Sp0
8	4	9	8	78Sp0
8	4	9	9	57Sp0
8	4	9	10	78Sp0
8	4	9	11	57Sp0
8	4	9	12	78Sp0
8	4	10	1	BIO
8	4	10	2	BIO
8	4	10	3	0
8	4	10	4	0
8	4	10	5	0
8	4	10	6	0
8	4	10	7	0
8	4	10	8	0
8	4	10	9	0
8	4	10	10	0
8	4	10	11	0
8	4	10	12	0
