8	1	16	1	bio
8	2	16	1	bio
7	1	16	1	bio
7	2	16	1	bio
6	1	16	1	bio
6	2	16	1	bio
5	1	16	1	bio
5	2	16	1	bio
4	1	16	1	bio
4	2	16	1	bio
3	1	16	1	bio
3	2	16	1	bio
8	3	16	1	bio
8	4	16	1	bio
7	3	16	1	bio
7	4	16	1	bio
6	3	16	1	bio
6	4	16	1	bio
5	3	16	1	bio
5	4	16	1	bio
4	3	16	1	bio
4	4	16	1	bio
3	3	16	1	bio
3	4	16	1	bio
8	1	13	1	9 Sp8_100uM-P1
8	2	13	1	9 Sp8_100uM-P1
7	1	13	1	9 Sp8_100uM-P1
7	2	13	1	9 Sp8_100uM-P1
6	1	13	1	9 Sp8_100uM-P1
6	2	13	1	9 Sp8_100uM-P1
5	1	13	1	1_05mg
5	2	13	1	1_05mg
4	1	13	1	1_05mg
4	2	13	1	1_05mg
3	1	13	1	1_05mg
3	2	13	1	1_05mg
8	3	13	1	9 Sp8_10uM-P1
8	4	13	1	9 Sp8_10uM-P1
7	3	13	1	9 Sp8_10uM-P1
7	4	13	1	9 Sp8_10uM-P1
6	3	13	1	9 Sp8_10uM-P1
6	4	13	1	9 Sp8_10uM-P1
5	3	13	1	1_005mg
5	4	13	1	1_005mg
4	3	13	1	1_005mg
4	4	13	1	1_005mg
3	3	13	1	1_005mg
3	4	13	1	1_005mg
8	1	10	1	2_05mg
8	2	10	1	2_05mg
7	1	10	1	2_05mg
7	2	10	1	2_05mg
6	1	10	1	2_05mg
6	2	10	1	2_05mg
5	1	10	1	3_05mg
5	2	10	1	3_05mg
4	1	10	1	3_05mg
4	2	10	1	3_05mg
3	1	10	1	3_05mg
3	2	10	1	3_05mg
8	3	10	1	2_005mg
8	4	10	1	2_005mg
7	3	10	1	2_005mg
7	4	10	1	2_005mg
6	3	10	1	2_005mg
6	4	10	1	2_005mg
5	3	10	1	3_005mg
5	4	10	1	3_005mg
4	3	10	1	3_005mg
4	4	10	1	3_005mg
3	3	10	1	3_005mg
3	4	10	1	3_005mg
8	1	7	1	4_05mg
8	2	7	1	4_05mg
7	1	7	1	4_05mg
7	2	7	1	4_05mg
6	1	7	1	4_05mg
6	2	7	1	4_05mg
5	1	7	1	5_05mg
5	2	7	1	5_05mg
4	1	7	1	5_05mg
4	2	7	1	5_05mg
3	1	7	1	5_05mg
3	2	7	1	5_05mg
8	3	7	1	4_005mg
8	4	7	1	4_005mg
7	3	7	1	4_005mg
7	4	7	1	4_005mg
6	3	7	1	4_005mg
6	4	7	1	4_005mg
5	3	7	1	5_005mg
5	4	7	1	5_005mg
4	3	7	1	5_005mg
4	4	7	1	5_005mg
3	3	7	1	5_005mg
3	4	7	1	5_005mg
2	1	16	1	bio
2	2	16	1	bio
1	1	16	1	bio
1	2	16	1	bio
8	1	15	1	9 Sp8_100uM-P2
8	2	15	1	9 Sp8_100uM-P2
7	1	15	1	9 Sp8_100uM-P2
7	2	15	1	9 Sp8_100uM-P2
6	1	15	1	9 Sp8_100uM-P2
6	2	15	1	9 Sp8_100uM-P2
5	1	15	1	6_05mg
5	2	15	1	6_05mg
2	3	16	1	bio
2	4	16	1	bio
1	3	16	1	bio
1	4	16	1	bio
8	3	15	1	9 Sp8_10uM-P2
8	4	15	1	9 Sp8_10uM-P2
7	3	15	1	9 Sp8_10uM-P2
7	4	15	1	9 Sp8_10uM-P2
6	3	15	1	9 Sp8_10uM-P2
6	4	15	1	9 Sp8_10uM-P2
5	3	15	1	6_005mg
5	4	15	1	6_005mg
2	1	13	1	7 Sp8_100uM
2	2	13	1	7 Sp8_100uM
1	1	13	1	7 Sp8_100uM
1	2	13	1	7 Sp8_100uM
8	1	12	1	7 Sp8_100uM
8	2	12	1	7 Sp8_100uM
7	1	12	1	8 Sp8_100uM
7	2	12	1	8 Sp8_100uM
6	1	12	1	8 Sp8_100uM
6	2	12	1	8 Sp8_100uM
5	1	12	1	8 Sp8_100uM
5	2	12	1	8 Sp8_100uM
2	3	13	1	7 Sp8_10uM
2	4	13	1	7 Sp8_10uM
1	3	13	1	7 Sp8_10uM
1	4	13	1	7 Sp8_10uM
8	3	12	1	7 Sp8_10uM
8	4	12	1	7 Sp8_10uM
7	3	12	1	8 Sp8_10uM
7	4	12	1	8 Sp8_10uM
6	3	12	1	8 Sp8_10uM
6	4	12	1	8 Sp8_10uM
5	3	12	1	8 Sp8_10uM
5	4	12	1	8 Sp8_10uM
2	1	10	1	10 Sp8_100uM
2	2	10	1	10 Sp8_100uM
1	1	10	1	10 Sp8_100uM
1	2	10	1	10 Sp8_100uM
8	1	9	1	10 Sp8_100uM
8	2	9	1	10 Sp8_100uM
7	1	9	1	11 Sp8_100uM
7	2	9	1	11 Sp8_100uM
6	1	9	1	11 Sp8_100uM
6	2	9	1	11 Sp8_100uM
5	1	9	1	11 Sp8_100uM
5	2	9	1	11 Sp8_100uM
2	3	10	1	10 Sp8_10uM
2	4	10	1	10 Sp8_10uM
1	3	10	1	10 Sp8_10uM
1	4	10	1	10 Sp8_10uM
8	3	9	1	10 Sp8_10uM
8	4	9	1	10 Sp8_10uM
7	3	9	1	11 Sp8_10uM
7	4	9	1	11 Sp8_10uM
6	3	9	1	11 Sp8_10uM
6	4	9	1	11 Sp8_10uM
5	3	9	1	11 Sp8_10uM
5	4	9	1	11 Sp8_10uM
2	1	7	1	11 Sp9_100uM
2	2	7	1	11 Sp9_100uM
1	1	7	1	11 Sp9_100uM
1	2	7	1	11 Sp9_100uM
8	1	6	1	11 Sp9_100uM
8	2	6	1	11 Sp9_100uM
7	1	6	1	12 Sp8_100uM
7	2	6	1	12 Sp8_100uM
6	1	6	1	12 Sp8_100uM
6	2	6	1	12 Sp8_100uM
5	1	6	1	12 Sp8_100uM
5	2	6	1	12 Sp8_100uM
2	3	7	1	11 Sp9_10uM
2	4	7	1	11 Sp9_10uM
1	3	7	1	11 Sp9_10uM
1	4	7	1	11 Sp9_10uM
8	3	6	1	11 Sp9_10uM
8	4	6	1	11 Sp9_10uM
7	3	6	1	12 Sp8_10uM
7	4	6	1	12 Sp8_10uM
6	3	6	1	12 Sp8_10uM
6	4	6	1	12 Sp8_10uM
5	3	6	1	12 Sp8_10uM
5	4	6	1	12 Sp8_10uM
4	1	15	1	9 Sp8_100uM-P3
4	2	15	1	9 Sp8_100uM-P3
3	1	15	1	9 Sp8_100uM-P3
3	2	15	1	9 Sp8_100uM-P3
2	1	15	1	9 Sp8_100uM-P3
2	2	15	1	9 Sp8_100uM-P3
1	1	15	1	13 Sp8_100uM
1	2	15	1	13 Sp8_100uM
8	1	14	1	13 Sp8_100uM
8	2	14	1	13 Sp8_100uM
7	1	14	1	13 Sp8_100uM
7	2	14	1	13 Sp8_100uM
4	3	15	1	9 Sp8_10uM-P3
4	4	15	1	9 Sp8_10uM-P3
3	3	15	1	9 Sp8_10uM-P3
3	4	15	1	9 Sp8_10uM-P3
2	3	15	1	9 Sp8_10uM-P3
2	4	15	1	9 Sp8_10uM-P3
1	3	15	1	13 Sp8_10uM
1	4	15	1	13 Sp8_10uM
8	3	14	1	13 Sp8_10uM
8	4	14	1	13 Sp8_10uM
7	3	14	1	13 Sp8_10uM
7	4	14	1	13 Sp8_10uM
4	1	12	1	14 Sp8_100uM
4	2	12	1	14 Sp8_100uM
3	1	12	1	14 Sp8_100uM
3	2	12	1	14 Sp8_100uM
2	1	12	1	14 Sp8_100uM
2	2	12	1	14 Sp8_100uM
1	1	12	1	15 Sp8_100uM
1	2	12	1	15 Sp8_100uM
8	1	11	1	15 Sp8_100uM
8	2	11	1	15 Sp8_100uM
7	1	11	1	15 Sp8_100uM
7	2	11	1	15 Sp8_100uM
4	3	12	1	14 Sp8_10uM
4	4	12	1	14 Sp8_10uM
3	3	12	1	14 Sp8_10uM
3	4	12	1	14 Sp8_10uM
2	3	12	1	14 Sp8_10uM
2	4	12	1	14 Sp8_10uM
1	3	12	1	15 Sp8_10uM
1	4	12	1	15 Sp8_10uM
8	3	11	1	15 Sp8_10uM
8	4	11	1	15 Sp8_10uM
7	3	11	1	15 Sp8_10uM
7	4	11	1	15 Sp8_10uM
4	1	9	1	16 Sp8_100uM
4	2	9	1	16 Sp8_100uM
3	1	9	1	16 Sp8_100uM
3	2	9	1	16 Sp8_100uM
2	1	9	1	16 Sp8_100uM
2	2	9	1	16 Sp8_100uM
1	1	9	1	18 Sp8_100uM
1	2	9	1	18 Sp8_100uM
8	1	8	1	18 Sp8_100uM
8	2	8	1	18 Sp8_100uM
7	1	8	1	18 Sp8_100uM
7	2	8	1	18 Sp8_100uM
4	3	9	1	16 Sp8_10uM
4	4	9	1	16 Sp8_10uM
3	3	9	1	16 Sp8_10uM
3	4	9	1	16 Sp8_10uM
2	3	9	1	16 Sp8_10uM
2	4	9	1	16 Sp8_10uM
1	3	9	1	18 Sp8_10uM
1	4	9	1	18 Sp8_10uM
8	3	8	1	18 Sp8_10uM
8	4	8	1	18 Sp8_10uM
7	3	8	1	18 Sp8_10uM
7	4	8	1	18 Sp8_10uM
4	1	6	1	19 Sp0_100uM
4	2	6	1	19 Sp0_100uM
3	1	6	1	19 Sp0_100uM
3	2	6	1	19 Sp0_100uM
2	1	6	1	19 Sp0_100uM
2	2	6	1	19 Sp0_100uM
1	1	6	1	19 Sp8_100uM
1	2	6	1	19 Sp8_100uM
8	1	5	1	19 Sp8_100uM
8	2	5	1	19 Sp8_100uM
7	1	5	1	19 Sp8_100uM
7	2	5	1	19 Sp8_100uM
4	3	6	1	19 Sp0_10uM
4	4	6	1	19 Sp0_10uM
3	3	6	1	19 Sp0_10uM
3	4	6	1	19 Sp0_10uM
2	3	6	1	19 Sp0_10uM
2	4	6	1	19 Sp0_10uM
1	3	6	1	19 Sp8_10uM
1	4	6	1	19 Sp8_10uM
8	3	5	1	19 Sp8_10uM
8	4	5	1	19 Sp8_10uM
7	3	5	1	19 Sp8_10uM
7	4	5	1	19 Sp8_10uM
6	1	14	1	9 Sp8_100uM-P4
6	2	14	1	9 Sp8_100uM-P4
5	1	14	1	9 Sp8_100uM-P4
5	2	14	1	9 Sp8_100uM-P4
4	1	14	1	9 Sp8_100uM-P4
4	2	14	1	9 Sp8_100uM-P4
3	1	14	1	20 Sp8_100uM
3	2	14	1	20 Sp8_100uM
2	1	14	1	20 Sp8_100uM
2	2	14	1	20 Sp8_100uM
1	1	14	1	20 Sp8_100uM
1	2	14	1	20 Sp8_100uM
6	3	14	1	9 Sp8_10uM-P4
6	4	14	1	9 Sp8_10uM-P4
5	3	14	1	9 Sp8_10uM-P4
5	4	14	1	9 Sp8_10uM-P4
4	3	14	1	9 Sp8_10uM-P4
4	4	14	1	9 Sp8_10uM-P4
3	3	14	1	20 Sp8_10uM
3	4	14	1	20 Sp8_10uM
2	3	14	1	20 Sp8_10uM
2	4	14	1	20 Sp8_10uM
1	3	14	1	20 Sp8_10uM
1	4	14	1	20 Sp8_10uM
6	1	11	1	22 Sp8_100uM
6	2	11	1	22 Sp8_100uM
5	1	11	1	22 Sp8_100uM
5	2	11	1	22 Sp8_100uM
4	1	11	1	22 Sp8_100uM
4	2	11	1	22 Sp8_100uM
3	1	11	1	23 Sp0_100uM
3	2	11	1	23 Sp0_100uM
2	1	11	1	23 Sp0_100uM
2	2	11	1	23 Sp0_100uM
1	1	11	1	23 Sp0_100uM
1	2	11	1	23 Sp0_100uM
6	3	11	1	22 Sp8_10uM
6	4	11	1	22 Sp8_10uM
5	3	11	1	22 Sp8_10uM
5	4	11	1	22 Sp8_10uM
4	3	11	1	22 Sp8_10uM
4	4	11	1	22 Sp8_10uM
3	3	11	1	23 Sp0_10uM
3	4	11	1	23 Sp0_10uM
2	3	11	1	23 Sp0_10uM
2	4	11	1	23 Sp0_10uM
1	3	11	1	23 Sp0_10uM
1	4	11	1	23 Sp0_10uM
6	1	8	1	24 Sp0_100uM
6	2	8	1	24 Sp0_100uM
5	1	8	1	24 Sp0_100uM
5	2	8	1	24 Sp0_100uM
4	1	8	1	24 Sp0_100uM
4	2	8	1	24 Sp0_100uM
3	1	8	1	26 Sp8_100uM
3	2	8	1	26 Sp8_100uM
2	1	8	1	26 Sp8_100uM
2	2	8	1	26 Sp8_100uM
1	1	8	1	26 Sp8_100uM
1	2	8	1	26 Sp8_100uM
6	3	8	1	24 Sp0_10uM
6	4	8	1	24 Sp0_10uM
5	3	8	1	24 Sp0_10uM
5	4	8	1	24 Sp0_10uM
4	3	8	1	24 Sp0_10uM
4	4	8	1	24 Sp0_10uM
3	3	8	1	26 Sp8_10uM
3	4	8	1	26 Sp8_10uM
2	3	8	1	26 Sp8_10uM
2	4	8	1	26 Sp8_10uM
1	3	8	1	26 Sp8_10uM
1	4	8	1	26 Sp8_10uM
6	1	5	1	27 Sp0_100uM
6	2	5	1	27 Sp0_100uM
5	1	5	1	27 Sp0_100uM
5	2	5	1	27 Sp0_100uM
4	1	5	1	27 Sp0_100uM
4	2	5	1	27 Sp0_100uM
3	1	5	1	27 Sp8_100uM
3	2	5	1	27 Sp8_100uM
2	1	5	1	27 Sp8_100uM
2	2	5	1	27 Sp8_100uM
1	1	5	1	27 Sp8_100uM
1	2	5	1	27 Sp8_100uM
6	3	5	1	27 Sp0_10uM
6	4	5	1	27 Sp0_10uM
5	3	5	1	27 Sp0_10uM
5	4	5	1	27 Sp0_10uM
4	3	5	1	27 Sp0_10uM
4	4	5	1	27 Sp0_10uM
3	3	5	1	27 Sp8_10uM
3	4	5	1	27 Sp8_10uM
2	3	5	1	27 Sp8_10uM
2	4	5	1	27 Sp8_10uM
1	3	5	1	27 Sp8_10uM
1	4	5	1	27 Sp8_10uM
8	1	4	1	9 Sp8_100uM-P5
8	2	4	1	9 Sp8_100uM-P5
7	1	4	1	9 Sp8_100uM-P5
7	2	4	1	9 Sp8_100uM-P5
6	1	4	1	9 Sp8_100uM-P5
6	2	4	1	9 Sp8_100uM-P5
5	1	4	1	29 Sp8_100uM
5	2	4	1	29 Sp8_100uM
4	1	4	1	29 Sp8_100uM
4	2	4	1	29 Sp8_100uM
3	1	4	1	29 Sp8_100uM
3	2	4	1	29 Sp8_100uM
8	3	4	1	9 Sp8_10uM-P5
8	4	4	1	9 Sp8_10uM-P5
7	3	4	1	9 Sp8_10uM-P5
7	4	4	1	9 Sp8_10uM-P5
6	3	4	1	9 Sp8_10uM-P5
6	4	4	1	9 Sp8_10uM-P5
5	3	4	1	29 Sp8_10uM
5	4	4	1	29 Sp8_10uM
4	3	4	1	29 Sp8_10uM
4	4	4	1	29 Sp8_10uM
3	3	4	1	29 Sp8_10uM
3	4	4	1	29 Sp8_10uM
8	1	1	1	bio
8	2	1	1	bio
7	1	1	1	bio
7	2	1	1	bio
6	1	1	1	bio
6	2	1	1	bio
5	1	1	1	bio
5	2	1	1	bio
4	1	1	1	bio
4	2	1	1	bio
3	1	1	1	bio
3	2	1	1	bio
8	3	1	1	bio
8	4	1	1	bio
7	3	1	1	bio
7	4	1	1	bio
6	3	1	1	bio
6	4	1	1	bio
5	3	1	1	bio
5	4	1	1	bio
4	3	1	1	bio
4	4	1	1	bio
3	3	1	1	bio
3	4	1	1	bio
8	1	14	2	30 Sp8_100uM
8	2	14	2	30 Sp8_100uM
7	1	14	2	30 Sp8_100uM
7	2	14	2	30 Sp8_100uM
6	1	14	2	30 Sp8_100uM
6	2	14	2	30 Sp8_100uM
5	1	14	2	31 Sp8_100uM
5	2	14	2	31 Sp8_100uM
4	1	14	2	31 Sp8_100uM
4	2	14	2	31 Sp8_100uM
3	1	14	2	31 Sp8_100uM
3	2	14	2	31 Sp8_100uM
8	3	14	2	30 Sp8_10uM
8	4	14	2	30 Sp8_10uM
7	3	14	2	30 Sp8_10uM
7	4	14	2	30 Sp8_10uM
6	3	14	2	30 Sp8_10uM
6	4	14	2	30 Sp8_10uM
5	3	14	2	31 Sp8_10uM
5	4	14	2	31 Sp8_10uM
4	3	14	2	31 Sp8_10uM
4	4	14	2	31 Sp8_10uM
3	3	14	2	31 Sp8_10uM
3	4	14	2	31 Sp8_10uM
8	1	11	2	32 Sp8_100uM
8	2	11	2	32 Sp8_100uM
7	1	11	2	32 Sp8_100uM
7	2	11	2	32 Sp8_100uM
6	1	11	2	32 Sp8_100uM
6	2	11	2	32 Sp8_100uM
5	1	11	2	33 Sp8_100uM
5	2	11	2	33 Sp8_100uM
4	1	11	2	33 Sp8_100uM
4	2	11	2	33 Sp8_100uM
3	1	11	2	33 Sp8_100uM
3	2	11	2	33 Sp8_100uM
8	3	11	2	32 Sp8_10uM
8	4	11	2	32 Sp8_10uM
7	3	11	2	32 Sp8_10uM
7	4	11	2	32 Sp8_10uM
6	3	11	2	32 Sp8_10uM
6	4	11	2	32 Sp8_10uM
5	3	11	2	33 Sp8_10uM
5	4	11	2	33 Sp8_10uM
4	3	11	2	33 Sp8_10uM
4	4	11	2	33 Sp8_10uM
3	3	11	2	33 Sp8_10uM
3	4	11	2	33 Sp8_10uM
2	1	4	1	9 Sp8_100uM-P6
2	2	4	1	9 Sp8_100uM-P6
1	1	4	1	9 Sp8_100uM-P6
1	2	4	1	9 Sp8_100uM-P6
8	1	3	1	9 Sp8_100uM-P6
8	2	3	1	9 Sp8_100uM-P6
7	1	3	1	34 Sp0_100uM
7	2	3	1	34 Sp0_100uM
6	1	3	1	34 Sp0_100uM
6	2	3	1	34 Sp0_100uM
5	1	3	1	34 Sp0_100uM
5	2	3	1	34 Sp0_100uM
2	3	4	1	9 Sp8_10uM-P6
2	4	4	1	9 Sp8_10uM-P6
1	3	4	1	9 Sp8_10uM-P6
1	4	4	1	9 Sp8_10uM-P6
8	3	3	1	9 Sp8_10uM-P6
8	4	3	1	9 Sp8_10uM-P6
7	3	3	1	34 Sp0_10uM
7	4	3	1	34 Sp0_10uM
6	3	3	1	34 Sp0_10uM
6	4	3	1	34 Sp0_10uM
5	3	3	1	34 Sp0_10uM
5	4	3	1	34 Sp0_10uM
2	1	1	1	bio
2	2	1	1	bio
1	1	1	1	bio
1	2	1	1	bio
8	1	16	2	6_05mg
8	2	16	2	6_05mg
7	1	16	2	34 Sp8_100uM
7	2	16	2	34 Sp8_100uM
6	1	16	2	34 Sp8_100uM
6	2	16	2	34 Sp8_100uM
5	1	16	2	34 Sp8_100uM
5	2	16	2	34 Sp8_100uM
2	3	1	1	bio
2	4	1	1	bio
1	3	1	1	bio
1	4	1	1	bio
8	3	16	2	6_005mg
8	4	16	2	6_005mg
7	3	16	2	34 Sp8_10uM
7	4	16	2	34 Sp8_10uM
6	3	16	2	34 Sp8_10uM
6	4	16	2	34 Sp8_10uM
5	3	16	2	34 Sp8_10uM
5	4	16	2	34 Sp8_10uM
2	1	14	2	35 Sp8_100uM
2	2	14	2	35 Sp8_100uM
1	1	14	2	35 Sp8_100uM
1	2	14	2	35 Sp8_100uM
8	1	13	2	35 Sp8_100uM
8	2	13	2	35 Sp8_100uM
7	1	13	2	37 Sp0_100uM
7	2	13	2	37 Sp0_100uM
6	1	13	2	37 Sp0_100uM
6	2	13	2	37 Sp0_100uM
5	1	13	2	37 Sp0_100uM
5	2	13	2	37 Sp0_100uM
2	3	14	2	35 Sp8_10uM
2	4	14	2	35 Sp8_10uM
1	3	14	2	35 Sp8_10uM
1	4	14	2	35 Sp8_10uM
8	3	13	2	35 Sp8_10uM
8	4	13	2	35 Sp8_10uM
7	3	13	2	37 Sp0_10uM
7	4	13	2	37 Sp0_10uM
6	3	13	2	37 Sp0_10uM
6	4	13	2	37 Sp0_10uM
5	3	13	2	37 Sp0_10uM
5	4	13	2	37 Sp0_10uM
2	1	11	2	38 Sp8_100uM
2	2	11	2	38 Sp8_100uM
1	1	11	2	38 Sp8_100uM
1	2	11	2	38 Sp8_100uM
8	1	10	2	38 Sp8_100uM
8	2	10	2	38 Sp8_100uM
7	1	10	2	39 Sp8_100uM
7	2	10	2	39 Sp8_100uM
6	1	10	2	39 Sp8_100uM
6	2	10	2	39 Sp8_100uM
5	1	10	2	39 Sp8_100uM
5	2	10	2	39 Sp8_100uM
2	3	11	2	38 Sp8_10uM
2	4	11	2	38 Sp8_10uM
1	3	11	2	38 Sp8_10uM
1	4	11	2	38 Sp8_10uM
8	3	10	2	38 Sp8_10uM
8	4	10	2	38 Sp8_10uM
7	3	10	2	39 Sp8_10uM
7	4	10	2	39 Sp8_10uM
6	3	10	2	39 Sp8_10uM
6	4	10	2	39 Sp8_10uM
5	3	10	2	39 Sp8_10uM
5	4	10	2	39 Sp8_10uM
4	1	3	1	9 Sp8_100uM-P7
4	2	3	1	9 Sp8_100uM-P7
3	1	3	1	9 Sp8_100uM-P7
3	2	3	1	9 Sp8_100uM-P7
2	1	3	1	9 Sp8_100uM-P7
2	2	3	1	9 Sp8_100uM-P7
1	1	3	1	40 Sp0_100uM 
1	2	3	1	40 Sp0_100uM 
8	1	2	1	40 Sp0_100uM 
8	2	2	1	40 Sp0_100uM 
7	1	2	1	40 Sp0_100uM 
7	2	2	1	40 Sp0_100uM 
4	3	3	1	9 Sp8_10uM-P7
4	4	3	1	9 Sp8_10uM-P7
3	3	3	1	9 Sp8_10uM-P7
3	4	3	1	9 Sp8_10uM-P7
2	3	3	1	9 Sp8_10uM-P7
2	4	3	1	9 Sp8_10uM-P7
1	3	3	1	40 Sp0_10uM 
1	4	3	1	40 Sp0_10uM 
8	3	2	1	40 Sp0_10uM 
8	4	2	1	40 Sp0_10uM 
7	3	2	1	40 Sp0_10uM 
7	4	2	1	40 Sp0_10uM 
4	1	16	2	40 Sp8_100uM
4	2	16	2	40 Sp8_100uM
3	1	16	2	40 Sp8_100uM
3	2	16	2	40 Sp8_100uM
2	1	16	2	40 Sp8_100uM
2	2	16	2	40 Sp8_100uM
1	1	16	2	41 Sp8_100uM
1	2	16	2	41 Sp8_100uM
8	1	15	2	41 Sp8_100uM
8	2	15	2	41 Sp8_100uM
7	1	15	2	41 Sp8_100uM
7	2	15	2	41 Sp8_100uM
4	3	16	2	40 Sp8_10uM
4	4	16	2	40 Sp8_10uM
3	3	16	2	40 Sp8_10uM
3	4	16	2	40 Sp8_10uM
2	3	16	2	40 Sp8_10uM
2	4	16	2	40 Sp8_10uM
1	3	16	2	41 Sp8_10uM
1	4	16	2	41 Sp8_10uM
8	3	15	2	41 Sp8_10uM
8	4	15	2	41 Sp8_10uM
7	3	15	2	41 Sp8_10uM
7	4	15	2	41 Sp8_10uM
4	1	13	2	42 Sp8_100uM
4	2	13	2	42 Sp8_100uM
3	1	13	2	42 Sp8_100uM
3	2	13	2	42 Sp8_100uM
2	1	13	2	42 Sp8_100uM
2	2	13	2	42 Sp8_100uM
1	1	13	2	43 Sp8_100uM
1	2	13	2	43 Sp8_100uM
8	1	12	2	43 Sp8_100uM
8	2	12	2	43 Sp8_100uM
7	1	12	2	43 Sp8_100uM
7	2	12	2	43 Sp8_100uM
4	3	13	2	42 Sp8_10uM
4	4	13	2	42 Sp8_10uM
3	3	13	2	42 Sp8_10uM
3	4	13	2	42 Sp8_10uM
2	3	13	2	42 Sp8_10uM
2	4	13	2	42 Sp8_10uM
1	3	13	2	43 Sp8_10uM
1	4	13	2	43 Sp8_10uM
8	3	12	2	43 Sp8_10uM
8	4	12	2	43 Sp8_10uM
7	3	12	2	43 Sp8_10uM
7	4	12	2	43 Sp8_10uM
4	1	10	2	44 Sp8_100uM
4	2	10	2	44 Sp8_100uM
3	1	10	2	44 Sp8_100uM
3	2	10	2	44 Sp8_100uM
2	1	10	2	44 Sp8_100uM
2	2	10	2	44 Sp8_100uM
1	1	10	2	46 Sp8_100uM
1	2	10	2	46 Sp8_100uM
8	1	9	2	46 Sp8_100uM
8	2	9	2	46 Sp8_100uM
7	1	9	2	46 Sp8_100uM
7	2	9	2	46 Sp8_100uM
4	3	10	2	44 Sp8_10uM
4	4	10	2	44 Sp8_10uM
3	3	10	2	44 Sp8_10uM
3	4	10	2	44 Sp8_10uM
2	3	10	2	44 Sp8_10uM
2	4	10	2	44 Sp8_10uM
1	3	10	2	46 Sp8_10uM
1	4	10	2	46 Sp8_10uM
8	3	9	2	46 Sp8_10uM
8	4	9	2	46 Sp8_10uM
7	3	9	2	46 Sp8_10uM
7	4	9	2	46 Sp8_10uM
6	1	2	1	9 Sp8_100uM-P8
6	2	2	1	9 Sp8_100uM-P8
5	1	2	1	9 Sp8_100uM-P8
5	2	2	1	9 Sp8_100uM-P8
4	1	2	1	9 Sp8_100uM-P8
4	2	2	1	9 Sp8_100uM-P8
3	1	2	1	47 Sp8_100uM
3	2	2	1	47 Sp8_100uM
2	1	2	1	47 Sp8_100uM
2	2	2	1	47 Sp8_100uM
1	1	2	1	47 Sp8_100uM
1	2	2	1	47 Sp8_100uM
6	3	2	1	9 Sp8_10uM-P8
6	4	2	1	9 Sp8_10uM-P8
5	3	2	1	9 Sp8_10uM-P8
5	4	2	1	9 Sp8_10uM-P8
4	3	2	1	9 Sp8_10uM-P8
4	4	2	1	9 Sp8_10uM-P8
3	3	2	1	47 Sp8_10uM
3	4	2	1	47 Sp8_10uM
2	3	2	1	47 Sp8_10uM
2	4	2	1	47 Sp8_10uM
1	3	2	1	47 Sp8_10uM
1	4	2	1	47 Sp8_10uM
6	1	15	2	48 G_100uM
6	2	15	2	48 G_100uM
5	1	15	2	48 G_100uM
5	2	15	2	48 G_100uM
4	1	15	2	48 G_100uM
4	2	15	2	48 G_100uM
3	1	15	2	49 G_100uM
3	2	15	2	49 G_100uM
2	1	15	2	49 G_100uM
2	2	15	2	49 G_100uM
1	1	15	2	49 G_100uM
1	2	15	2	49 G_100uM
6	3	15	2	48 G_10uM
6	4	15	2	48 G_10uM
5	3	15	2	48 G_10uM
5	4	15	2	48 G_10uM
4	3	15	2	48 G_10uM
4	4	15	2	48 G_10uM
3	3	15	2	49 G_10uM
3	4	15	2	49 G_10uM
2	3	15	2	49 G_10uM
2	4	15	2	49 G_10uM
1	3	15	2	49 G_10uM
1	4	15	2	49 G_10uM
6	1	12	2	50 G_100uM
6	2	12	2	50 G_100uM
5	1	12	2	50 G_100uM
5	2	12	2	50 G_100uM
4	1	12	2	50 G_100uM
4	2	12	2	50 G_100uM
3	1	12	2	51 Sp8_100uM
3	2	12	2	51 Sp8_100uM
2	1	12	2	51 Sp8_100uM
2	2	12	2	51 Sp8_100uM
1	1	12	2	51 Sp8_100uM
1	2	12	2	51 Sp8_100uM
6	3	12	2	50 G_10uM
6	4	12	2	50 G_10uM
5	3	12	2	50 G_10uM
5	4	12	2	50 G_10uM
4	3	12	2	50 G_10uM
4	4	12	2	50 G_10uM
3	3	12	2	51 Sp8_10uM
3	4	12	2	51 Sp8_10uM
2	3	12	2	51 Sp8_10uM
2	4	12	2	51 Sp8_10uM
1	3	12	2	51 Sp8_10uM
1	4	12	2	51 Sp8_10uM
6	1	9	2	51 G_100uM
6	2	9	2	51 G_100uM
5	1	9	2	51 G_100uM
5	2	9	2	51 G_100uM
4	1	9	2	51 G_100uM
4	2	9	2	51 G_100uM
3	1	9	2	52 Sp9_100uM
3	2	9	2	52 Sp9_100uM
2	1	9	2	52 Sp9_100uM
2	2	9	2	52 Sp9_100uM
1	1	9	2	52 Sp9_100uM
1	2	9	2	52 Sp9_100uM
6	3	9	2	51 G_10uM
6	4	9	2	51 G_10uM
5	3	9	2	51 G_10uM
5	4	9	2	51 G_10uM
4	3	9	2	51 G_10uM
4	4	9	2	51 G_10uM
3	3	9	2	52 Sp9_10uM
3	4	9	2	52 Sp9_10uM
2	3	9	2	52 Sp9_10uM
2	4	9	2	52 Sp9_10uM
1	3	9	2	52 Sp9_10uM
1	4	9	2	52 Sp9_10uM
8	1	8	2	9 Sp8_100uM-P9
8	2	8	2	9 Sp8_100uM-P9
7	1	8	2	9 Sp8_100uM-P9
7	2	8	2	9 Sp8_100uM-P9
6	1	8	2	9 Sp8_100uM-P9
6	2	8	2	9 Sp8_100uM-P9
5	1	8	2	53 Sp9_100uM
5	2	8	2	53 Sp9_100uM
4	1	8	2	53 Sp9_100uM
4	2	8	2	53 Sp9_100uM
3	1	8	2	53 Sp9_100uM
3	2	8	2	53 Sp9_100uM
8	3	8	2	9 Sp8_10uM-P9
8	4	8	2	9 Sp8_10uM-P9
7	3	8	2	9 Sp8_10uM-P9
7	4	8	2	9 Sp8_10uM-P9
6	3	8	2	9 Sp8_10uM-P9
6	4	8	2	9 Sp8_10uM-P9
5	3	8	2	53 Sp9_10uM
5	4	8	2	53 Sp9_10uM
4	3	8	2	53 Sp9_10uM
4	4	8	2	53 Sp9_10uM
3	3	8	2	53 Sp9_10uM
3	4	8	2	53 Sp9_10uM
8	1	5	2	54 Sp8_100uM
8	2	5	2	54 Sp8_100uM
7	1	5	2	54 Sp8_100uM
7	2	5	2	54 Sp8_100uM
6	1	5	2	54 Sp8_100uM
6	2	5	2	54 Sp8_100uM
5	1	5	2	56 Sp8_100uM
5	2	5	2	56 Sp8_100uM
4	1	5	2	56 Sp8_100uM
4	2	5	2	56 Sp8_100uM
3	1	5	2	56 Sp8_100uM
3	2	5	2	56 Sp8_100uM
8	3	5	2	54 Sp8_10uM
8	4	5	2	54 Sp8_10uM
7	3	5	2	54 Sp8_10uM
7	4	5	2	54 Sp8_10uM
6	3	5	2	54 Sp8_10uM
6	4	5	2	54 Sp8_10uM
5	3	5	2	56 Sp8_10uM
5	4	5	2	56 Sp8_10uM
4	3	5	2	56 Sp8_10uM
4	4	5	2	56 Sp8_10uM
3	3	5	2	56 Sp8_10uM
3	4	5	2	56 Sp8_10uM
8	1	2	2	57 Sp0_100uM
8	2	2	2	57 Sp0_100uM
7	1	2	2	57 Sp0_100uM
7	2	2	2	57 Sp0_100uM
6	1	2	2	57 Sp0_100uM
6	2	2	2	57 Sp0_100uM
5	1	2	2	57 Sp9_100uM
5	2	2	2	57 Sp9_100uM
4	1	2	2	57 Sp9_100uM
4	2	2	2	57 Sp9_100uM
3	1	2	2	57 Sp9_100uM
3	2	2	2	57 Sp9_100uM
8	3	2	2	57 Sp0_10uM
8	4	2	2	57 Sp0_10uM
7	3	2	2	57 Sp0_10uM
7	4	2	2	57 Sp0_10uM
6	3	2	2	57 Sp0_10uM
6	4	2	2	57 Sp0_10uM
5	3	2	2	57 Sp9_10uM
5	4	2	2	57 Sp9_10uM
4	3	2	2	57 Sp9_10uM
4	4	2	2	57 Sp9_10uM
3	3	2	2	57 Sp9_10uM
3	4	2	2	57 Sp9_10uM
8	1	15	3	59 Sp8_100uM
8	2	15	3	59 Sp8_100uM
7	1	15	3	59 Sp8_100uM
7	2	15	3	59 Sp8_100uM
6	1	15	3	59 Sp8_100uM
6	2	15	3	59 Sp8_100uM
5	1	15	3	60 Sp0_100uM
5	2	15	3	60 Sp0_100uM
4	1	15	3	60 Sp0_100uM
4	2	15	3	60 Sp0_100uM
3	1	15	3	60 Sp0_100uM
3	2	15	3	60 Sp0_100uM
8	3	15	3	59 Sp8_10uM
8	4	15	3	59 Sp8_10uM
7	3	15	3	59 Sp8_10uM
7	4	15	3	59 Sp8_10uM
6	3	15	3	59 Sp8_10uM
6	4	15	3	59 Sp8_10uM
5	3	15	3	60 Sp0_10uM
5	4	15	3	60 Sp0_10uM
4	3	15	3	60 Sp0_10uM
4	4	15	3	60 Sp0_10uM
3	3	15	3	60 Sp0_10uM
3	4	15	3	60 Sp0_10uM
2	1	8	2	9 Sp8_100uM-P10
2	2	8	2	9 Sp8_100uM-P10
1	1	8	2	9 Sp8_100uM-P10
1	2	8	2	9 Sp8_100uM-P10
8	1	7	2	9 Sp8_100uM-P10
8	2	7	2	9 Sp8_100uM-P10
7	1	7	2	60 Sp8_100uM
7	2	7	2	60 Sp8_100uM
6	1	7	2	60 Sp8_100uM
6	2	7	2	60 Sp8_100uM
5	1	7	2	60 Sp8_100uM
5	2	7	2	60 Sp8_100uM
2	3	8	2	9 Sp8_10uM-P10
2	4	8	2	9 Sp8_10uM-P10
1	3	8	2	9 Sp8_10uM-P10
1	4	8	2	9 Sp8_10uM-P10
8	3	7	2	9 Sp8_10uM-P10
8	4	7	2	9 Sp8_10uM-P10
7	3	7	2	60 Sp8_10uM
7	4	7	2	60 Sp8_10uM
6	3	7	2	60 Sp8_10uM
6	4	7	2	60 Sp8_10uM
5	3	7	2	60 Sp8_10uM
5	4	7	2	60 Sp8_10uM
2	1	5	2	61 Sp0_100uM
2	2	5	2	61 Sp0_100uM
1	1	5	2	61 Sp0_100uM
1	2	5	2	61 Sp0_100uM
8	1	4	2	61 Sp0_100uM
8	2	4	2	61 Sp0_100uM
7	1	4	2	62 Sp0_100uM
7	2	4	2	62 Sp0_100uM
6	1	4	2	62 Sp0_100uM
6	2	4	2	62 Sp0_100uM
5	1	4	2	62 Sp0_100uM
5	2	4	2	62 Sp0_100uM
2	3	5	2	61 Sp0_10uM
2	4	5	2	61 Sp0_10uM
1	3	5	2	61 Sp0_10uM
1	4	5	2	61 Sp0_10uM
8	3	4	2	61 Sp0_10uM
8	4	4	2	61 Sp0_10uM
7	3	4	2	62 Sp0_10uM
7	4	4	2	62 Sp0_10uM
6	3	4	2	62 Sp0_10uM
6	4	4	2	62 Sp0_10uM
5	3	4	2	62 Sp0_10uM
5	4	4	2	62 Sp0_10uM
2	1	2	2	64 Sp0_100uM
2	2	2	2	64 Sp0_100uM
1	1	2	2	64 Sp0_100uM
1	2	2	2	64 Sp0_100uM
8	1	1	2	64 Sp0_100uM
8	2	1	2	64 Sp0_100uM
7	1	1	2	64 Sp8_100uM
7	2	1	2	64 Sp8_100uM
6	1	1	2	64 Sp8_100uM
6	2	1	2	64 Sp8_100uM
5	1	1	2	64 Sp8_100uM
5	2	1	2	64 Sp8_100uM
2	3	2	2	64 Sp0_10uM
2	4	2	2	64 Sp0_10uM
1	3	2	2	64 Sp0_10uM
1	4	2	2	64 Sp0_10uM
8	3	1	2	64 Sp0_10uM
8	4	1	2	64 Sp0_10uM
7	3	1	2	64 Sp8_10uM
7	4	1	2	64 Sp8_10uM
6	3	1	2	64 Sp8_10uM
6	4	1	2	64 Sp8_10uM
5	3	1	2	64 Sp8_10uM
5	4	1	2	64 Sp8_10uM
2	1	15	3	65 Sp0_100uM
2	2	15	3	65 Sp0_100uM
1	1	15	3	65 Sp0_100uM
1	2	15	3	65 Sp0_100uM
8	1	14	3	65 Sp0_100uM
8	2	14	3	65 Sp0_100uM
7	1	14	3	66 Sp0_100uM
7	2	14	3	66 Sp0_100uM
6	1	14	3	66 Sp0_100uM
6	2	14	3	66 Sp0_100uM
5	1	14	3	66 Sp0_100uM
5	2	14	3	66 Sp0_100uM
2	3	15	3	65 Sp0_10uM
2	4	15	3	65 Sp0_10uM
1	3	15	3	65 Sp0_10uM
1	4	15	3	65 Sp0_10uM
8	3	14	3	65 Sp0_10uM
8	4	14	3	65 Sp0_10uM
7	3	14	3	66 Sp0_10uM
7	4	14	3	66 Sp0_10uM
6	3	14	3	66 Sp0_10uM
6	4	14	3	66 Sp0_10uM
5	3	14	3	66 Sp0_10uM
5	4	14	3	66 Sp0_10uM
4	1	7	2	9 Sp8_100uM-P11
4	2	7	2	9 Sp8_100uM-P11
3	1	7	2	9 Sp8_100uM-P11
3	2	7	2	9 Sp8_100uM-P11
2	1	7	2	9 Sp8_100uM-P11
2	2	7	2	9 Sp8_100uM-P11
1	1	7	2	67 Sp0_100uM
1	2	7	2	67 Sp0_100uM
8	1	6	2	67 Sp0_100uM
8	2	6	2	67 Sp0_100uM
7	1	6	2	67 Sp0_100uM
7	2	6	2	67 Sp0_100uM
4	3	7	2	9 Sp8_10uM-P11
4	4	7	2	9 Sp8_10uM-P11
3	3	7	2	9 Sp8_10uM-P11
3	4	7	2	9 Sp8_10uM-P11
2	3	7	2	9 Sp8_10uM-P11
2	4	7	2	9 Sp8_10uM-P11
1	3	7	2	67 Sp0_10uM
1	4	7	2	67 Sp0_10uM
8	3	6	2	67 Sp0_10uM
8	4	6	2	67 Sp0_10uM
7	3	6	2	67 Sp0_10uM
7	4	6	2	67 Sp0_10uM
4	1	4	2	67 Sp8_100uM
4	2	4	2	67 Sp8_100uM
3	1	4	2	67 Sp8_100uM
3	2	4	2	67 Sp8_100uM
2	1	4	2	67 Sp8_100uM
2	2	4	2	67 Sp8_100uM
1	1	4	2	68 Sp0_100uM
1	2	4	2	68 Sp0_100uM
8	1	3	2	68 Sp0_100uM
8	2	3	2	68 Sp0_100uM
7	1	3	2	68 Sp0_100uM
7	2	3	2	68 Sp0_100uM
4	3	4	2	67 Sp8_10uM
4	4	4	2	67 Sp8_10uM
3	3	4	2	67 Sp8_10uM
3	4	4	2	67 Sp8_10uM
2	3	4	2	67 Sp8_10uM
2	4	4	2	67 Sp8_10uM
1	3	4	2	68 Sp0_10uM
1	4	4	2	68 Sp0_10uM
8	3	3	2	68 Sp0_10uM
8	4	3	2	68 Sp0_10uM
7	3	3	2	68 Sp0_10uM
7	4	3	2	68 Sp0_10uM
4	1	1	2	69 Sp8_100uM
4	2	1	2	69 Sp8_100uM
3	1	1	2	69 Sp8_100uM
3	2	1	2	69 Sp8_100uM
2	1	1	2	69 Sp8_100uM
2	2	1	2	69 Sp8_100uM
1	1	1	2	70 Sp8_100uM
1	2	1	2	70 Sp8_100uM
8	1	16	3	70 Sp8_100uM
8	2	16	3	70 Sp8_100uM
7	1	16	3	70 Sp8_100uM
7	2	16	3	70 Sp8_100uM
4	3	1	2	69 Sp8_10uM
4	4	1	2	69 Sp8_10uM
3	3	1	2	69 Sp8_10uM
3	4	1	2	69 Sp8_10uM
2	3	1	2	69 Sp8_10uM
2	4	1	2	69 Sp8_10uM
1	3	1	2	70 Sp8_10uM
1	4	1	2	70 Sp8_10uM
8	3	16	3	70 Sp8_10uM
8	4	16	3	70 Sp8_10uM
7	3	16	3	70 Sp8_10uM
7	4	16	3	70 Sp8_10uM
4	1	14	3	71 Sp8_100uM
4	2	14	3	71 Sp8_100uM
3	1	14	3	71 Sp8_100uM
3	2	14	3	71 Sp8_100uM
2	1	14	3	71 Sp8_100uM
2	2	14	3	71 Sp8_100uM
1	1	14	3	73 Sp8_100uM
1	2	14	3	73 Sp8_100uM
8	1	13	3	73 Sp8_100uM
8	2	13	3	73 Sp8_100uM
7	1	13	3	73 Sp8_100uM
7	2	13	3	73 Sp8_100uM
4	3	14	3	71 Sp8_10uM
4	4	14	3	71 Sp8_10uM
3	3	14	3	71 Sp8_10uM
3	4	14	3	71 Sp8_10uM
2	3	14	3	71 Sp8_10uM
2	4	14	3	71 Sp8_10uM
1	3	14	3	73 Sp8_10uM
1	4	14	3	73 Sp8_10uM
8	3	13	3	73 Sp8_10uM
8	4	13	3	73 Sp8_10uM
7	3	13	3	73 Sp8_10uM
7	4	13	3	73 Sp8_10uM
6	1	6	2	9 Sp8_100uM-P12
6	2	6	2	9 Sp8_100uM-P12
5	1	6	2	9 Sp8_100uM-P12
5	2	6	2	9 Sp8_100uM-P12
4	1	6	2	9 Sp8_100uM-P12
4	2	6	2	9 Sp8_100uM-P12
3	1	6	2	74 Sp0_100uM
3	2	6	2	74 Sp0_100uM
2	1	6	2	74 Sp0_100uM
2	2	6	2	74 Sp0_100uM
1	1	6	2	74 Sp0_100uM
1	2	6	2	74 Sp0_100uM
6	3	6	2	9 Sp8_10uM-P12
6	4	6	2	9 Sp8_10uM-P12
5	3	6	2	9 Sp8_10uM-P12
5	4	6	2	9 Sp8_10uM-P12
4	3	6	2	9 Sp8_10uM-P12
4	4	6	2	9 Sp8_10uM-P12
3	3	6	2	74 Sp0_10uM
3	4	6	2	74 Sp0_10uM
2	3	6	2	74 Sp0_10uM
2	4	6	2	74 Sp0_10uM
1	3	6	2	74 Sp0_10uM
1	4	6	2	74 Sp0_10uM
6	1	3	2	75 Sp0_100uM
6	2	3	2	75 Sp0_100uM
5	1	3	2	75 Sp0_100uM
5	2	3	2	75 Sp0_100uM
4	1	3	2	75 Sp0_100uM
4	2	3	2	75 Sp0_100uM
3	1	3	2	77 Sp0_100uM
3	2	3	2	77 Sp0_100uM
2	1	3	2	77 Sp0_100uM
2	2	3	2	77 Sp0_100uM
1	1	3	2	77 Sp0_100uM
1	2	3	2	77 Sp0_100uM
6	3	3	2	75 Sp0_10uM
6	4	3	2	75 Sp0_10uM
5	3	3	2	75 Sp0_10uM
5	4	3	2	75 Sp0_10uM
4	3	3	2	75 Sp0_10uM
4	4	3	2	75 Sp0_10uM
3	3	3	2	77 Sp0_10uM
3	4	3	2	77 Sp0_10uM
2	3	3	2	77 Sp0_10uM
2	4	3	2	77 Sp0_10uM
1	3	3	2	77 Sp0_10uM
1	4	3	2	77 Sp0_10uM
6	1	16	3	77 Sp8_100uM
6	2	16	3	77 Sp8_100uM
5	1	16	3	77 Sp8_100uM
5	2	16	3	77 Sp8_100uM
4	1	16	3	77 Sp8_100uM
4	2	16	3	77 Sp8_100uM
3	1	16	3	78 Sp0_100uM
3	2	16	3	78 Sp0_100uM
2	1	16	3	78 Sp0_100uM
2	2	16	3	78 Sp0_100uM
1	1	16	3	78 Sp0_100uM
1	2	16	3	78 Sp0_100uM
6	3	16	3	77 Sp8_10uM
6	4	16	3	77 Sp8_10uM
5	3	16	3	77 Sp8_10uM
5	4	16	3	77 Sp8_10uM
4	3	16	3	77 Sp8_10uM
4	4	16	3	77 Sp8_10uM
3	3	16	3	78 Sp0_10uM
3	4	16	3	78 Sp0_10uM
2	3	16	3	78 Sp0_10uM
2	4	16	3	78 Sp0_10uM
1	3	16	3	78 Sp0_10uM
1	4	16	3	78 Sp0_10uM
6	1	13	3	80 Sp8_100uM
6	2	13	3	80 Sp8_100uM
5	1	13	3	80 Sp8_100uM
5	2	13	3	80 Sp8_100uM
4	1	13	3	80 Sp8_100uM
4	2	13	3	80 Sp8_100uM
3	1	13	3	81 Sp8_100uM
3	2	13	3	81 Sp8_100uM
2	1	13	3	81 Sp8_100uM
2	2	13	3	81 Sp8_100uM
1	1	13	3	81 Sp8_100uM
1	2	13	3	81 Sp8_100uM
6	3	13	3	80 Sp8_10uM
6	4	13	3	80 Sp8_10uM
5	3	13	3	80 Sp8_10uM
5	4	13	3	80 Sp8_10uM
4	3	13	3	80 Sp8_10uM
4	4	13	3	80 Sp8_10uM
3	3	13	3	81 Sp8_10uM
3	4	13	3	81 Sp8_10uM
2	3	13	3	81 Sp8_10uM
2	4	13	3	81 Sp8_10uM
1	3	13	3	81 Sp8_10uM
1	4	13	3	81 Sp8_10uM
8	1	12	3	9 Sp8_100uM-P13
8	2	12	3	9 Sp8_100uM-P13
7	1	12	3	9 Sp8_100uM-P13
7	2	12	3	9 Sp8_100uM-P13
6	1	12	3	9 Sp8_100uM-P13
6	2	12	3	9 Sp8_100uM-P13
5	1	12	3	82 Sp8_100uM
5	2	12	3	82 Sp8_100uM
4	1	12	3	82 Sp8_100uM
4	2	12	3	82 Sp8_100uM
3	1	12	3	82 Sp8_100uM
3	2	12	3	82 Sp8_100uM
8	3	12	3	9 Sp8_10uM-P13
8	4	12	3	9 Sp8_10uM-P13
7	3	12	3	9 Sp8_10uM-P13
7	4	12	3	9 Sp8_10uM-P13
6	3	12	3	9 Sp8_10uM-P13
6	4	12	3	9 Sp8_10uM-P13
5	3	12	3	82 Sp8_10uM
5	4	12	3	82 Sp8_10uM
4	3	12	3	82 Sp8_10uM
4	4	12	3	82 Sp8_10uM
3	3	12	3	82 Sp8_10uM
3	4	12	3	82 Sp8_10uM
8	1	9	3	84 Sp8_100uM
8	2	9	3	84 Sp8_100uM
7	1	9	3	84 Sp8_100uM
7	2	9	3	84 Sp8_100uM
6	1	9	3	84 Sp8_100uM
6	2	9	3	84 Sp8_100uM
5	1	9	3	85 Sp8_100uM
5	2	9	3	85 Sp8_100uM
4	1	9	3	85 Sp8_100uM
4	2	9	3	85 Sp8_100uM
3	1	9	3	85 Sp8_100uM
3	2	9	3	85 Sp8_100uM
8	3	9	3	84 Sp8_10uM
8	4	9	3	84 Sp8_10uM
7	3	9	3	84 Sp8_10uM
7	4	9	3	84 Sp8_10uM
6	3	9	3	84 Sp8_10uM
6	4	9	3	84 Sp8_10uM
5	3	9	3	85 Sp8_10uM
5	4	9	3	85 Sp8_10uM
4	3	9	3	85 Sp8_10uM
4	4	9	3	85 Sp8_10uM
3	3	9	3	85 Sp8_10uM
3	4	9	3	85 Sp8_10uM
8	1	6	3	86 Sp8_100uM
8	2	6	3	86 Sp8_100uM
7	1	6	3	86 Sp8_100uM
7	2	6	3	86 Sp8_100uM
6	1	6	3	86 Sp8_100uM
6	2	6	3	86 Sp8_100uM
5	1	6	3	87 Sp0_100uM
5	2	6	3	87 Sp0_100uM
4	1	6	3	87 Sp0_100uM
4	2	6	3	87 Sp0_100uM
3	1	6	3	87 Sp0_100uM
3	2	6	3	87 Sp0_100uM
8	3	6	3	86 Sp8_10uM
8	4	6	3	86 Sp8_10uM
7	3	6	3	86 Sp8_10uM
7	4	6	3	86 Sp8_10uM
6	3	6	3	86 Sp8_10uM
6	4	6	3	86 Sp8_10uM
5	3	6	3	87 Sp0_10uM
5	4	6	3	87 Sp0_10uM
4	3	6	3	87 Sp0_10uM
4	4	6	3	87 Sp0_10uM
3	3	6	3	87 Sp0_10uM
3	4	6	3	87 Sp0_10uM
8	1	3	3	90 Sp0_100uM
8	2	3	3	90 Sp0_100uM
7	1	3	3	90 Sp0_100uM
7	2	3	3	90 Sp0_100uM
6	1	3	3	90 Sp0_100uM
6	2	3	3	90 Sp0_100uM
5	1	3	3	92 Sp0_100uM
5	2	3	3	92 Sp0_100uM
4	1	3	3	92 Sp0_100uM
4	2	3	3	92 Sp0_100uM
3	1	3	3	92 Sp0_100uM
3	2	3	3	92 Sp0_100uM
8	3	3	3	90 Sp0_10uM
8	4	3	3	90 Sp0_10uM
7	3	3	3	90 Sp0_10uM
7	4	3	3	90 Sp0_10uM
6	3	3	3	90 Sp0_10uM
6	4	3	3	90 Sp0_10uM
5	3	3	3	92 Sp0_10uM
5	4	3	3	92 Sp0_10uM
4	3	3	3	92 Sp0_10uM
4	4	3	3	92 Sp0_10uM
3	3	3	3	92 Sp0_10uM
3	4	3	3	92 Sp0_10uM
2	1	12	3	9 Sp8_100uM-P14
2	2	12	3	9 Sp8_100uM-P14
1	1	12	3	9 Sp8_100uM-P14
1	2	12	3	9 Sp8_100uM-P14
8	1	11	3	9 Sp8_100uM-P14
8	2	11	3	9 Sp8_100uM-P14
7	1	11	3	92 Sp8_100uM
7	2	11	3	92 Sp8_100uM
6	1	11	3	92 Sp8_100uM
6	2	11	3	92 Sp8_100uM
5	1	11	3	92 Sp8_100uM
5	2	11	3	92 Sp8_100uM
2	3	12	3	9 Sp8_10uM-P14
2	4	12	3	9 Sp8_10uM-P14
1	3	12	3	9 Sp8_10uM-P14
1	4	12	3	9 Sp8_10uM-P14
8	3	11	3	9 Sp8_10uM-P14
8	4	11	3	9 Sp8_10uM-P14
7	3	11	3	92 Sp8_10uM
7	4	11	3	92 Sp8_10uM
6	3	11	3	92 Sp8_10uM
6	4	11	3	92 Sp8_10uM
5	3	11	3	92 Sp8_10uM
5	4	11	3	92 Sp8_10uM
2	1	9	3	93 Sp8_100uM
2	2	9	3	93 Sp8_100uM
1	1	9	3	93 Sp8_100uM
1	2	9	3	93 Sp8_100uM
8	1	8	3	93 Sp8_100uM
8	2	8	3	93 Sp8_100uM
7	1	8	3	94 Sp0_100uM
7	2	8	3	94 Sp0_100uM
6	1	8	3	94 Sp0_100uM
6	2	8	3	94 Sp0_100uM
5	1	8	3	94 Sp0_100uM
5	2	8	3	94 Sp0_100uM
2	3	9	3	93 Sp8_10uM
2	4	9	3	93 Sp8_10uM
1	3	9	3	93 Sp8_10uM
1	4	9	3	93 Sp8_10uM
8	3	8	3	93 Sp8_10uM
8	4	8	3	93 Sp8_10uM
7	3	8	3	94 Sp0_10uM
7	4	8	3	94 Sp0_10uM
6	3	8	3	94 Sp0_10uM
6	4	8	3	94 Sp0_10uM
5	3	8	3	94 Sp0_10uM
5	4	8	3	94 Sp0_10uM
2	1	6	3	95 Sp0_100uM
2	2	6	3	95 Sp0_100uM
1	1	6	3	95 Sp0_100uM
1	2	6	3	95 Sp0_100uM
8	1	5	3	95 Sp0_100uM
8	2	5	3	95 Sp0_100uM
7	1	5	3	96 Sp0_100uM
7	2	5	3	96 Sp0_100uM
6	1	5	3	96 Sp0_100uM
6	2	5	3	96 Sp0_100uM
5	1	5	3	96 Sp0_100uM
5	2	5	3	96 Sp0_100uM
2	3	6	3	95 Sp0_10uM
2	4	6	3	95 Sp0_10uM
1	3	6	3	95 Sp0_10uM
1	4	6	3	95 Sp0_10uM
8	3	5	3	95 Sp0_10uM
8	4	5	3	95 Sp0_10uM
7	3	5	3	96 Sp0_10uM
7	4	5	3	96 Sp0_10uM
6	3	5	3	96 Sp0_10uM
6	4	5	3	96 Sp0_10uM
5	3	5	3	96 Sp0_10uM
5	4	5	3	96 Sp0_10uM
2	1	3	3	97 Sp0_100uM
2	2	3	3	97 Sp0_100uM
1	1	3	3	97 Sp0_100uM
1	2	3	3	97 Sp0_100uM
8	1	2	3	97 Sp0_100uM
8	2	2	3	97 Sp0_100uM
7	1	2	3	98 Sp8_100uM
7	2	2	3	98 Sp8_100uM
6	1	2	3	98 Sp8_100uM
6	2	2	3	98 Sp8_100uM
5	1	2	3	98 Sp8_100uM
5	2	2	3	98 Sp8_100uM
2	3	3	3	97 Sp0_10uM
2	4	3	3	97 Sp0_10uM
1	3	3	3	97 Sp0_10uM
1	4	3	3	97 Sp0_10uM
8	3	2	3	97 Sp0_10uM
8	4	2	3	97 Sp0_10uM
7	3	2	3	98 Sp8_10uM
7	4	2	3	98 Sp8_10uM
6	3	2	3	98 Sp8_10uM
6	4	2	3	98 Sp8_10uM
5	3	2	3	98 Sp8_10uM
5	4	2	3	98 Sp8_10uM
4	1	11	3	9 Sp8_100uM-P15
4	2	11	3	9 Sp8_100uM-P15
3	1	11	3	9 Sp8_100uM-P15
3	2	11	3	9 Sp8_100uM-P15
2	1	11	3	9 Sp8_100uM-P15
2	2	11	3	9 Sp8_100uM-P15
1	1	11	3	99 Sp8_100uM
1	2	11	3	99 Sp8_100uM
8	1	10	3	99 Sp8_100uM
8	2	10	3	99 Sp8_100uM
7	1	10	3	99 Sp8_100uM
7	2	10	3	99 Sp8_100uM
4	3	11	3	9 Sp8_10uM-P15
4	4	11	3	9 Sp8_10uM-P15
3	3	11	3	9 Sp8_10uM-P15
3	4	11	3	9 Sp8_10uM-P15
2	3	11	3	9 Sp8_10uM-P15
2	4	11	3	9 Sp8_10uM-P15
1	3	11	3	99 Sp8_10uM
1	4	11	3	99 Sp8_10uM
8	3	10	3	99 Sp8_10uM
8	4	10	3	99 Sp8_10uM
7	3	10	3	99 Sp8_10uM
7	4	10	3	99 Sp8_10uM
4	1	8	3	100 Sp8_100uM
4	2	8	3	100 Sp8_100uM
3	1	8	3	100 Sp8_100uM
3	2	8	3	100 Sp8_100uM
2	1	8	3	100 Sp8_100uM
2	2	8	3	100 Sp8_100uM
1	1	8	3	101 Sp8_100uM
1	2	8	3	101 Sp8_100uM
8	1	7	3	101 Sp8_100uM
8	2	7	3	101 Sp8_100uM
7	1	7	3	101 Sp8_100uM
7	2	7	3	101 Sp8_100uM
4	3	8	3	100 Sp8_10uM
4	4	8	3	100 Sp8_10uM
3	3	8	3	100 Sp8_10uM
3	4	8	3	100 Sp8_10uM
2	3	8	3	100 Sp8_10uM
2	4	8	3	100 Sp8_10uM
1	3	8	3	101 Sp8_10uM
1	4	8	3	101 Sp8_10uM
8	3	7	3	101 Sp8_10uM
8	4	7	3	101 Sp8_10uM
7	3	7	3	101 Sp8_10uM
7	4	7	3	101 Sp8_10uM
4	1	5	3	102 Sp8_100uM
4	2	5	3	102 Sp8_100uM
3	1	5	3	102 Sp8_100uM
3	2	5	3	102 Sp8_100uM
2	1	5	3	102 Sp8_100uM
2	2	5	3	102 Sp8_100uM
1	1	5	3	103 Sp0_100uM
1	2	5	3	103 Sp0_100uM
8	1	4	3	103 Sp0_100uM
8	2	4	3	103 Sp0_100uM
7	1	4	3	103 Sp0_100uM
7	2	4	3	103 Sp0_100uM
4	3	5	3	102 Sp8_10uM
4	4	5	3	102 Sp8_10uM
3	3	5	3	102 Sp8_10uM
3	4	5	3	102 Sp8_10uM
2	3	5	3	102 Sp8_10uM
2	4	5	3	102 Sp8_10uM
1	3	5	3	103 Sp0_10uM
1	4	5	3	103 Sp0_10uM
8	3	4	3	103 Sp0_10uM
8	4	4	3	103 Sp0_10uM
7	3	4	3	103 Sp0_10uM
7	4	4	3	103 Sp0_10uM
4	1	2	3	104 Sp8_100uM
4	2	2	3	104 Sp8_100uM
3	1	2	3	104 Sp8_100uM
3	2	2	3	104 Sp8_100uM
2	1	2	3	104 Sp8_100uM
2	2	2	3	104 Sp8_100uM
1	1	2	3	105 Sp0_100uM
1	2	2	3	105 Sp0_100uM
8	1	1	3	105 Sp0_100uM
8	2	1	3	105 Sp0_100uM
7	1	1	3	105 Sp0_100uM
7	2	1	3	105 Sp0_100uM
4	3	2	3	104 Sp8_10uM
4	4	2	3	104 Sp8_10uM
3	3	2	3	104 Sp8_10uM
3	4	2	3	104 Sp8_10uM
2	3	2	3	104 Sp8_10uM
2	4	2	3	104 Sp8_10uM
1	3	2	3	105 Sp0_10uM
1	4	2	3	105 Sp0_10uM
8	3	1	3	105 Sp0_10uM
8	4	1	3	105 Sp0_10uM
7	3	1	3	105 Sp0_10uM
7	4	1	3	105 Sp0_10uM
6	1	10	3	9 Sp8_100uM-P16
6	2	10	3	9 Sp8_100uM-P16
5	1	10	3	9 Sp8_100uM-P16
5	2	10	3	9 Sp8_100uM-P16
4	1	10	3	9 Sp8_100uM-P16
4	2	10	3	9 Sp8_100uM-P16
3	1	10	3	106 Sp8_100uM
3	2	10	3	106 Sp8_100uM
2	1	10	3	106 Sp8_100uM
2	2	10	3	106 Sp8_100uM
1	1	10	3	106 Sp8_100uM
1	2	10	3	106 Sp8_100uM
6	3	10	3	9 Sp8_10uM-P16
6	4	10	3	9 Sp8_10uM-P16
5	3	10	3	9 Sp8_10uM-P16
5	4	10	3	9 Sp8_10uM-P16
4	3	10	3	9 Sp8_10uM-P16
4	4	10	3	9 Sp8_10uM-P16
3	3	10	3	106 Sp8_10uM
3	4	10	3	106 Sp8_10uM
2	3	10	3	106 Sp8_10uM
2	4	10	3	106 Sp8_10uM
1	3	10	3	106 Sp8_10uM
1	4	10	3	106 Sp8_10uM
6	1	7	3	107 Sp8_100uM
6	2	7	3	107 Sp8_100uM
5	1	7	3	107 Sp8_100uM
5	2	7	3	107 Sp8_100uM
4	1	7	3	107 Sp8_100uM
4	2	7	3	107 Sp8_100uM
3	1	7	3	108 Sp0_100uM
3	2	7	3	108 Sp0_100uM
2	1	7	3	108 Sp0_100uM
2	2	7	3	108 Sp0_100uM
1	1	7	3	108 Sp0_100uM
1	2	7	3	108 Sp0_100uM
6	3	7	3	107 Sp8_10uM
6	4	7	3	107 Sp8_10uM
5	3	7	3	107 Sp8_10uM
5	4	7	3	107 Sp8_10uM
4	3	7	3	107 Sp8_10uM
4	4	7	3	107 Sp8_10uM
3	3	7	3	108 Sp0_10uM
3	4	7	3	108 Sp0_10uM
2	3	7	3	108 Sp0_10uM
2	4	7	3	108 Sp0_10uM
1	3	7	3	108 Sp0_10uM
1	4	7	3	108 Sp0_10uM
6	1	4	3	108 Sp8_100uM
6	2	4	3	108 Sp8_100uM
5	1	4	3	108 Sp8_100uM
5	2	4	3	108 Sp8_100uM
4	1	4	3	108 Sp8_100uM
4	2	4	3	108 Sp8_100uM
3	1	4	3	109 Sp0_100uM
3	2	4	3	109 Sp0_100uM
2	1	4	3	109 Sp0_100uM
2	2	4	3	109 Sp0_100uM
1	1	4	3	109 Sp0_100uM
1	2	4	3	109 Sp0_100uM
6	3	4	3	108 Sp8_10uM
6	4	4	3	108 Sp8_10uM
5	3	4	3	108 Sp8_10uM
5	4	4	3	108 Sp8_10uM
4	3	4	3	108 Sp8_10uM
4	4	4	3	108 Sp8_10uM
3	3	4	3	109 Sp0_10uM
3	4	4	3	109 Sp0_10uM
2	3	4	3	109 Sp0_10uM
2	4	4	3	109 Sp0_10uM
1	3	4	3	109 Sp0_10uM
1	4	4	3	109 Sp0_10uM
6	1	1	3	110 Sp8_100uM
6	2	1	3	110 Sp8_100uM
5	1	1	3	110 Sp8_100uM
5	2	1	3	110 Sp8_100uM
4	1	1	3	110 Sp8_100uM
4	2	1	3	110 Sp8_100uM
3	1	1	3	111 Sp8_100uM
3	2	1	3	111 Sp8_100uM
2	1	1	3	111 Sp8_100uM
2	2	1	3	111 Sp8_100uM
1	1	1	3	111 Sp8_100uM
1	2	1	3	111 Sp8_100uM
6	3	1	3	110 Sp8_10uM
6	4	1	3	110 Sp8_10uM
5	3	1	3	110 Sp8_10uM
5	4	1	3	110 Sp8_10uM
4	3	1	3	110 Sp8_10uM
4	4	1	3	110 Sp8_10uM
3	3	1	3	111 Sp8_10uM
3	4	1	3	111 Sp8_10uM
2	3	1	3	111 Sp8_10uM
2	4	1	3	111 Sp8_10uM
1	3	1	3	111 Sp8_10uM
1	4	1	3	111 Sp8_10uM
8	1	16	4	9 Sp8_100uM-P17
8	2	16	4	9 Sp8_100uM-P17
7	1	16	4	9 Sp8_100uM-P17
7	2	16	4	9 Sp8_100uM-P17
6	1	16	4	9 Sp8_100uM-P17
6	2	16	4	9 Sp8_100uM-P17
5	1	16	4	112 Sp8_100uM
5	2	16	4	112 Sp8_100uM
4	1	16	4	112 Sp8_100uM
4	2	16	4	112 Sp8_100uM
3	1	16	4	112 Sp8_100uM
3	2	16	4	112 Sp8_100uM
8	3	16	4	9 Sp8_10uM-P17
8	4	16	4	9 Sp8_10uM-P17
7	3	16	4	9 Sp8_10uM-P17
7	4	16	4	9 Sp8_10uM-P17
6	3	16	4	9 Sp8_10uM-P17
6	4	16	4	9 Sp8_10uM-P17
5	3	16	4	112 Sp8_10uM
5	4	16	4	112 Sp8_10uM
4	3	16	4	112 Sp8_10uM
4	4	16	4	112 Sp8_10uM
3	3	16	4	112 Sp8_10uM
3	4	16	4	112 Sp8_10uM
8	1	13	4	113 Sp0_100uM
8	2	13	4	113 Sp0_100uM
7	1	13	4	113 Sp0_100uM
7	2	13	4	113 Sp0_100uM
6	1	13	4	113 Sp0_100uM
6	2	13	4	113 Sp0_100uM
5	1	13	4	114 Sp0_100uM
5	2	13	4	114 Sp0_100uM
4	1	13	4	114 Sp0_100uM
4	2	13	4	114 Sp0_100uM
3	1	13	4	114 Sp0_100uM
3	2	13	4	114 Sp0_100uM
8	3	13	4	113 Sp0_10uM
8	4	13	4	113 Sp0_10uM
7	3	13	4	113 Sp0_10uM
7	4	13	4	113 Sp0_10uM
6	3	13	4	113 Sp0_10uM
6	4	13	4	113 Sp0_10uM
5	3	13	4	114 Sp0_10uM
5	4	13	4	114 Sp0_10uM
4	3	13	4	114 Sp0_10uM
4	4	13	4	114 Sp0_10uM
3	3	13	4	114 Sp0_10uM
3	4	13	4	114 Sp0_10uM
8	1	10	4	115 Sp0_100uM
8	2	10	4	115 Sp0_100uM
7	1	10	4	115 Sp0_100uM
7	2	10	4	115 Sp0_100uM
6	1	10	4	115 Sp0_100uM
6	2	10	4	115 Sp0_100uM
5	1	10	4	115 Sp8_100uM
5	2	10	4	115 Sp8_100uM
4	1	10	4	115 Sp8_100uM
4	2	10	4	115 Sp8_100uM
3	1	10	4	115 Sp8_100uM
3	2	10	4	115 Sp8_100uM
8	3	10	4	115 Sp0_10uM
8	4	10	4	115 Sp0_10uM
7	3	10	4	115 Sp0_10uM
7	4	10	4	115 Sp0_10uM
6	3	10	4	115 Sp0_10uM
6	4	10	4	115 Sp0_10uM
5	3	10	4	115 Sp8_10uM
5	4	10	4	115 Sp8_10uM
4	3	10	4	115 Sp8_10uM
4	4	10	4	115 Sp8_10uM
3	3	10	4	115 Sp8_10uM
3	4	10	4	115 Sp8_10uM
8	1	7	4	119 Sp8_100uM
8	2	7	4	119 Sp8_100uM
7	1	7	4	119 Sp8_100uM
7	2	7	4	119 Sp8_100uM
6	1	7	4	119 Sp8_100uM
6	2	7	4	119 Sp8_100uM
5	1	7	4	120 Sp8_100uM
5	2	7	4	120 Sp8_100uM
4	1	7	4	120 Sp8_100uM
4	2	7	4	120 Sp8_100uM
3	1	7	4	120 Sp8_100uM
3	2	7	4	120 Sp8_100uM
8	3	7	4	119 Sp8_10uM
8	4	7	4	119 Sp8_10uM
7	3	7	4	119 Sp8_10uM
7	4	7	4	119 Sp8_10uM
6	3	7	4	119 Sp8_10uM
6	4	7	4	119 Sp8_10uM
5	3	7	4	120 Sp8_10uM
5	4	7	4	120 Sp8_10uM
4	3	7	4	120 Sp8_10uM
4	4	7	4	120 Sp8_10uM
3	3	7	4	120 Sp8_10uM
3	4	7	4	120 Sp8_10uM
2	1	16	4	9 Sp8_100uM-P18
2	2	16	4	9 Sp8_100uM-P18
1	1	16	4	9 Sp8_100uM-P18
1	2	16	4	9 Sp8_100uM-P18
8	1	15	4	9 Sp8_100uM-P18
8	2	15	4	9 Sp8_100uM-P18
7	1	15	4	121 Sp8_100uM
7	2	15	4	121 Sp8_100uM
6	1	15	4	121 Sp8_100uM
6	2	15	4	121 Sp8_100uM
5	1	15	4	121 Sp8_100uM
5	2	15	4	121 Sp8_100uM
2	3	16	4	9 Sp8_10uM-P18
2	4	16	4	9 Sp8_10uM-P18
1	3	16	4	9 Sp8_10uM-P18
1	4	16	4	9 Sp8_10uM-P18
8	3	15	4	9 Sp8_10uM-P18
8	4	15	4	9 Sp8_10uM-P18
7	3	15	4	121 Sp8_10uM
7	4	15	4	121 Sp8_10uM
6	3	15	4	121 Sp8_10uM
6	4	15	4	121 Sp8_10uM
5	3	15	4	121 Sp8_10uM
5	4	15	4	121 Sp8_10uM
2	1	13	4	122 Sp8_100uM
2	2	13	4	122 Sp8_100uM
1	1	13	4	122 Sp8_100uM
1	2	13	4	122 Sp8_100uM
8	1	12	4	122 Sp8_100uM
8	2	12	4	122 Sp8_100uM
7	1	12	4	123 Sp10_100uM
7	2	12	4	123 Sp10_100uM
6	1	12	4	123 Sp10_100uM
6	2	12	4	123 Sp10_100uM
5	1	12	4	123 Sp10_100uM
5	2	12	4	123 Sp10_100uM
2	3	13	4	122 Sp8_10uM
2	4	13	4	122 Sp8_10uM
1	3	13	4	122 Sp8_10uM
1	4	13	4	122 Sp8_10uM
8	3	12	4	122 Sp8_10uM
8	4	12	4	122 Sp8_10uM
7	3	12	4	123 Sp10_10uM
7	4	12	4	123 Sp10_10uM
6	3	12	4	123 Sp10_10uM
6	4	12	4	123 Sp10_10uM
5	3	12	4	123 Sp10_10uM
5	4	12	4	123 Sp10_10uM
2	1	10	4	126 Sp8_100uM
2	2	10	4	126 Sp8_100uM
1	1	10	4	126 Sp8_100uM
1	2	10	4	126 Sp8_100uM
8	1	9	4	126 Sp8_100uM
8	2	9	4	126 Sp8_100uM
7	1	9	4	127 Sp8_100uM
7	2	9	4	127 Sp8_100uM
6	1	9	4	127 Sp8_100uM
6	2	9	4	127 Sp8_100uM
5	1	9	4	127 Sp8_100uM
5	2	9	4	127 Sp8_100uM
2	3	10	4	126 Sp8_10uM
2	4	10	4	126 Sp8_10uM
1	3	10	4	126 Sp8_10uM
1	4	10	4	126 Sp8_10uM
8	3	9	4	126 Sp8_10uM
8	4	9	4	126 Sp8_10uM
7	3	9	4	127 Sp8_10uM
7	4	9	4	127 Sp8_10uM
6	3	9	4	127 Sp8_10uM
6	4	9	4	127 Sp8_10uM
5	3	9	4	127 Sp8_10uM
5	4	9	4	127 Sp8_10uM
2	1	7	4	128 Sp0_100uM
2	2	7	4	128 Sp0_100uM
1	1	7	4	128 Sp0_100uM
1	2	7	4	128 Sp0_100uM
8	1	6	4	128 Sp0_100uM
8	2	6	4	128 Sp0_100uM
7	1	6	4	129 Sp0_100uM
7	2	6	4	129 Sp0_100uM
6	1	6	4	129 Sp0_100uM
6	2	6	4	129 Sp0_100uM
5	1	6	4	129 Sp0_100uM
5	2	6	4	129 Sp0_100uM
2	3	7	4	128 Sp0_10uM
2	4	7	4	128 Sp0_10uM
1	3	7	4	128 Sp0_10uM
1	4	7	4	128 Sp0_10uM
8	3	6	4	128 Sp0_10uM
8	4	6	4	128 Sp0_10uM
7	3	6	4	129 Sp0_10uM
7	4	6	4	129 Sp0_10uM
6	3	6	4	129 Sp0_10uM
6	4	6	4	129 Sp0_10uM
5	3	6	4	129 Sp0_10uM
5	4	6	4	129 Sp0_10uM
4	1	15	4	9 Sp8_100uM-P19
4	2	15	4	9 Sp8_100uM-P19
3	1	15	4	9 Sp8_100uM-P19
3	2	15	4	9 Sp8_100uM-P19
2	1	15	4	9 Sp8_100uM-P19
2	2	15	4	9 Sp8_100uM-P19
1	1	15	4	130 Sp8_100uM
1	2	15	4	130 Sp8_100uM
8	1	14	4	130 Sp8_100uM
8	2	14	4	130 Sp8_100uM
7	1	14	4	130 Sp8_100uM
7	2	14	4	130 Sp8_100uM
4	3	15	4	9 Sp8_10uM-P19
4	4	15	4	9 Sp8_10uM-P19
3	3	15	4	9 Sp8_10uM-P19
3	4	15	4	9 Sp8_10uM-P19
2	3	15	4	9 Sp8_10uM-P19
2	4	15	4	9 Sp8_10uM-P19
1	3	15	4	130 Sp8_10uM
1	4	15	4	130 Sp8_10uM
8	3	14	4	130 Sp8_10uM
8	4	14	4	130 Sp8_10uM
7	3	14	4	130 Sp8_10uM
7	4	14	4	130 Sp8_10uM
4	1	12	4	131 Sp8_100uM
4	2	12	4	131 Sp8_100uM
3	1	12	4	131 Sp8_100uM
3	2	12	4	131 Sp8_100uM
2	1	12	4	131 Sp8_100uM
2	2	12	4	131 Sp8_100uM
1	1	12	4	132 Sp0_100uM
1	2	12	4	132 Sp0_100uM
8	1	11	4	132 Sp0_100uM
8	2	11	4	132 Sp0_100uM
7	1	11	4	132 Sp0_100uM
7	2	11	4	132 Sp0_100uM
4	3	12	4	131 Sp8_10uM
4	4	12	4	131 Sp8_10uM
3	3	12	4	131 Sp8_10uM
3	4	12	4	131 Sp8_10uM
2	3	12	4	131 Sp8_10uM
2	4	12	4	131 Sp8_10uM
1	3	12	4	132 Sp0_10uM
1	4	12	4	132 Sp0_10uM
8	3	11	4	132 Sp0_10uM
8	4	11	4	132 Sp0_10uM
7	3	11	4	132 Sp0_10uM
7	4	11	4	132 Sp0_10uM
4	1	9	4	133 Sp10_100uM
4	2	9	4	133 Sp10_100uM
3	1	9	4	133 Sp10_100uM
3	2	9	4	133 Sp10_100uM
2	1	9	4	133 Sp10_100uM
2	2	9	4	133 Sp10_100uM
1	1	9	4	134 Sp0_100uM
1	2	9	4	134 Sp0_100uM
8	1	8	4	134 Sp0_100uM
8	2	8	4	134 Sp0_100uM
7	1	8	4	134 Sp0_100uM
7	2	8	4	134 Sp0_100uM
4	3	9	4	133 Sp10_10uM
4	4	9	4	133 Sp10_10uM
3	3	9	4	133 Sp10_10uM
3	4	9	4	133 Sp10_10uM
2	3	9	4	133 Sp10_10uM
2	4	9	4	133 Sp10_10uM
1	3	9	4	134 Sp0_10uM
1	4	9	4	134 Sp0_10uM
8	3	8	4	134 Sp0_10uM
8	4	8	4	134 Sp0_10uM
7	3	8	4	134 Sp0_10uM
7	4	8	4	134 Sp0_10uM
4	1	6	4	134 Sp8_100uM
4	2	6	4	134 Sp8_100uM
3	1	6	4	134 Sp8_100uM
3	2	6	4	134 Sp8_100uM
2	1	6	4	134 Sp8_100uM
2	2	6	4	134 Sp8_100uM
1	1	6	4	136 Sp0_100uM
1	2	6	4	136 Sp0_100uM
8	1	5	4	136 Sp0_100uM
8	2	5	4	136 Sp0_100uM
7	1	5	4	136 Sp0_100uM
7	2	5	4	136 Sp0_100uM
4	3	6	4	134 Sp8_10uM
4	4	6	4	134 Sp8_10uM
3	3	6	4	134 Sp8_10uM
3	4	6	4	134 Sp8_10uM
2	3	6	4	134 Sp8_10uM
2	4	6	4	134 Sp8_10uM
1	3	6	4	136 Sp0_10uM
1	4	6	4	136 Sp0_10uM
8	3	5	4	136 Sp0_10uM
8	4	5	4	136 Sp0_10uM
7	3	5	4	136 Sp0_10uM
7	4	5	4	136 Sp0_10uM
6	1	14	4	9 Sp8_100uM-P20
6	2	14	4	9 Sp8_100uM-P20
5	1	14	4	9 Sp8_100uM-P20
5	2	14	4	9 Sp8_100uM-P20
4	1	14	4	9 Sp8_100uM-P20
4	2	14	4	9 Sp8_100uM-P20
3	1	14	4	136 Sp8_100uM
3	2	14	4	136 Sp8_100uM
2	1	14	4	136 Sp8_100uM
2	2	14	4	136 Sp8_100uM
1	1	14	4	136 Sp8_100uM
1	2	14	4	136 Sp8_100uM
6	3	14	4	9 Sp8_10uM-P20
6	4	14	4	9 Sp8_10uM-P20
5	3	14	4	9 Sp8_10uM-P20
5	4	14	4	9 Sp8_10uM-P20
4	3	14	4	9 Sp8_10uM-P20
4	4	14	4	9 Sp8_10uM-P20
3	3	14	4	136 Sp8_10uM
3	4	14	4	136 Sp8_10uM
2	3	14	4	136 Sp8_10uM
2	4	14	4	136 Sp8_10uM
1	3	14	4	136 Sp8_10uM
1	4	14	4	136 Sp8_10uM
6	1	11	4	137 Sp0_100uM
6	2	11	4	137 Sp0_100uM
5	1	11	4	137 Sp0_100uM
5	2	11	4	137 Sp0_100uM
4	1	11	4	137 Sp0_100uM
4	2	11	4	137 Sp0_100uM
3	1	11	4	138 Sp0_100uM
3	2	11	4	138 Sp0_100uM
2	1	11	4	138 Sp0_100uM
2	2	11	4	138 Sp0_100uM
1	1	11	4	138 Sp0_100uM
1	2	11	4	138 Sp0_100uM
6	3	11	4	137 Sp0_10uM
6	4	11	4	137 Sp0_10uM
5	3	11	4	137 Sp0_10uM
5	4	11	4	137 Sp0_10uM
4	3	11	4	137 Sp0_10uM
4	4	11	4	137 Sp0_10uM
3	3	11	4	138 Sp0_10uM
3	4	11	4	138 Sp0_10uM
2	3	11	4	138 Sp0_10uM
2	4	11	4	138 Sp0_10uM
1	3	11	4	138 Sp0_10uM
1	4	11	4	138 Sp0_10uM
6	1	8	4	140 Sp0_100uM
6	2	8	4	140 Sp0_100uM
5	1	8	4	140 Sp0_100uM
5	2	8	4	140 Sp0_100uM
4	1	8	4	140 Sp0_100uM
4	2	8	4	140 Sp0_100uM
3	1	8	4	140 Sp8_100uM
3	2	8	4	140 Sp8_100uM
2	1	8	4	140 Sp8_100uM
2	2	8	4	140 Sp8_100uM
1	1	8	4	140 Sp8_100uM
1	2	8	4	140 Sp8_100uM
6	3	8	4	140 Sp0_10uM
6	4	8	4	140 Sp0_10uM
5	3	8	4	140 Sp0_10uM
5	4	8	4	140 Sp0_10uM
4	3	8	4	140 Sp0_10uM
4	4	8	4	140 Sp0_10uM
3	3	8	4	140 Sp8_10uM
3	4	8	4	140 Sp8_10uM
2	3	8	4	140 Sp8_10uM
2	4	8	4	140 Sp8_10uM
1	3	8	4	140 Sp8_10uM
1	4	8	4	140 Sp8_10uM
6	1	5	4	141 Sp8_100uM
6	2	5	4	141 Sp8_100uM
5	1	5	4	141 Sp8_100uM
5	2	5	4	141 Sp8_100uM
4	1	5	4	141 Sp8_100uM
4	2	5	4	141 Sp8_100uM
3	1	5	4	142 Sp8_100uM
3	2	5	4	142 Sp8_100uM
2	1	5	4	142 Sp8_100uM
2	2	5	4	142 Sp8_100uM
1	1	5	4	142 Sp8_100uM
1	2	5	4	142 Sp8_100uM
6	3	5	4	141 Sp8_10uM
6	4	5	4	141 Sp8_10uM
5	3	5	4	141 Sp8_10uM
5	4	5	4	141 Sp8_10uM
4	3	5	4	141 Sp8_10uM
4	4	5	4	141 Sp8_10uM
3	3	5	4	142 Sp8_10uM
3	4	5	4	142 Sp8_10uM
2	3	5	4	142 Sp8_10uM
2	4	5	4	142 Sp8_10uM
1	3	5	4	142 Sp8_10uM
1	4	5	4	142 Sp8_10uM
8	1	4	4	9 Sp8_100uM-P21
8	2	4	4	9 Sp8_100uM-P21
7	1	4	4	9 Sp8_100uM-P21
7	2	4	4	9 Sp8_100uM-P21
6	1	4	4	9 Sp8_100uM-P21
6	2	4	4	9 Sp8_100uM-P21
5	1	4	4	143 Sp8_100uM
5	2	4	4	143 Sp8_100uM
4	1	4	4	143 Sp8_100uM
4	2	4	4	143 Sp8_100uM
3	1	4	4	143 Sp8_100uM
3	2	4	4	143 Sp8_100uM
8	3	4	4	9 Sp8_10uM-P21
8	4	4	4	9 Sp8_10uM-P21
7	3	4	4	9 Sp8_10uM-P21
7	4	4	4	9 Sp8_10uM-P21
6	3	4	4	9 Sp8_10uM-P21
6	4	4	4	9 Sp8_10uM-P21
5	3	4	4	143 Sp8_10uM
5	4	4	4	143 Sp8_10uM
4	3	4	4	143 Sp8_10uM
4	4	4	4	143 Sp8_10uM
3	3	4	4	143 Sp8_10uM
3	4	4	4	143 Sp8_10uM
8	1	1	4	144 Sp8_100uM
8	2	1	4	144 Sp8_100uM
7	1	1	4	144 Sp8_100uM
7	2	1	4	144 Sp8_100uM
6	1	1	4	144 Sp8_100uM
6	2	1	4	144 Sp8_100uM
5	1	1	4	145 Sp0_100uM
5	2	1	4	145 Sp0_100uM
4	1	1	4	145 Sp0_100uM
4	2	1	4	145 Sp0_100uM
3	1	1	4	145 Sp0_100uM
3	2	1	4	145 Sp0_100uM
8	3	1	4	144 Sp8_10uM
8	4	1	4	144 Sp8_10uM
7	3	1	4	144 Sp8_10uM
7	4	1	4	144 Sp8_10uM
6	3	1	4	144 Sp8_10uM
6	4	1	4	144 Sp8_10uM
5	3	1	4	145 Sp0_10uM
5	4	1	4	145 Sp0_10uM
4	3	1	4	145 Sp0_10uM
4	4	1	4	145 Sp0_10uM
3	3	1	4	145 Sp0_10uM
3	4	1	4	145 Sp0_10uM
8	1	14	5	146 Sp0_100uM
8	2	14	5	146 Sp0_100uM
7	1	14	5	146 Sp0_100uM
7	2	14	5	146 Sp0_100uM
6	1	14	5	146 Sp0_100uM
6	2	14	5	146 Sp0_100uM
5	1	14	5	147 Sp0_100uM
5	2	14	5	147 Sp0_100uM
4	1	14	5	147 Sp0_100uM
4	2	14	5	147 Sp0_100uM
3	1	14	5	147 Sp0_100uM
3	2	14	5	147 Sp0_100uM
8	3	14	5	146 Sp0_10uM
8	4	14	5	146 Sp0_10uM
7	3	14	5	146 Sp0_10uM
7	4	14	5	146 Sp0_10uM
6	3	14	5	146 Sp0_10uM
6	4	14	5	146 Sp0_10uM
5	3	14	5	147 Sp0_10uM
5	4	14	5	147 Sp0_10uM
4	3	14	5	147 Sp0_10uM
4	4	14	5	147 Sp0_10uM
3	3	14	5	147 Sp0_10uM
3	4	14	5	147 Sp0_10uM
8	1	11	5	148 Sp0_100uM
8	2	11	5	148 Sp0_100uM
7	1	11	5	148 Sp0_100uM
7	2	11	5	148 Sp0_100uM
6	1	11	5	148 Sp0_100uM
6	2	11	5	148 Sp0_100uM
5	1	11	5	148 Sp8_100uM
5	2	11	5	148 Sp8_100uM
4	1	11	5	148 Sp8_100uM
4	2	11	5	148 Sp8_100uM
3	1	11	5	148 Sp8_100uM
3	2	11	5	148 Sp8_100uM
8	3	11	5	148 Sp0_10uM
8	4	11	5	148 Sp0_10uM
7	3	11	5	148 Sp0_10uM
7	4	11	5	148 Sp0_10uM
6	3	11	5	148 Sp0_10uM
6	4	11	5	148 Sp0_10uM
5	3	11	5	148 Sp8_10uM
5	4	11	5	148 Sp8_10uM
4	3	11	5	148 Sp8_10uM
4	4	11	5	148 Sp8_10uM
3	3	11	5	148 Sp8_10uM
3	4	11	5	148 Sp8_10uM
2	1	4	4	9 Sp8_100uM-P22
2	2	4	4	9 Sp8_100uM-P22
1	1	4	4	9 Sp8_100uM-P22
1	2	4	4	9 Sp8_100uM-P22
8	1	3	4	9 Sp8_100uM-P22
8	2	3	4	9 Sp8_100uM-P22
7	1	3	4	152 Sp8_100uM
7	2	3	4	152 Sp8_100uM
6	1	3	4	152 Sp8_100uM
6	2	3	4	152 Sp8_100uM
5	1	3	4	152 Sp8_100uM
5	2	3	4	152 Sp8_100uM
2	3	4	4	9 Sp8_10uM-P22
2	4	4	4	9 Sp8_10uM-P22
1	3	4	4	9 Sp8_10uM-P22
1	4	4	4	9 Sp8_10uM-P22
8	3	3	4	9 Sp8_10uM-P22
8	4	3	4	9 Sp8_10uM-P22
7	3	3	4	152 Sp8_10uM
7	4	3	4	152 Sp8_10uM
6	3	3	4	152 Sp8_10uM
6	4	3	4	152 Sp8_10uM
5	3	3	4	152 Sp8_10uM
5	4	3	4	152 Sp8_10uM
2	1	1	4	153 Sp0_100uM
2	2	1	4	153 Sp0_100uM
1	1	1	4	153 Sp0_100uM
1	2	1	4	153 Sp0_100uM
8	1	16	5	153 Sp0_100uM
8	2	16	5	153 Sp0_100uM
7	1	16	5	153 Sp8_100uM
7	2	16	5	153 Sp8_100uM
6	1	16	5	153 Sp8_100uM
6	2	16	5	153 Sp8_100uM
5	1	16	5	153 Sp8_100uM
5	2	16	5	153 Sp8_100uM
2	3	1	4	153 Sp0_10uM
2	4	1	4	153 Sp0_10uM
1	3	1	4	153 Sp0_10uM
1	4	1	4	153 Sp0_10uM
8	3	16	5	153 Sp0_10uM
8	4	16	5	153 Sp0_10uM
7	3	16	5	153 Sp8_10uM
7	4	16	5	153 Sp8_10uM
6	3	16	5	153 Sp8_10uM
6	4	16	5	153 Sp8_10uM
5	3	16	5	153 Sp8_10uM
5	4	16	5	153 Sp8_10uM
2	1	14	5	154 Sp0_100uM
2	2	14	5	154 Sp0_100uM
1	1	14	5	154 Sp0_100uM
1	2	14	5	154 Sp0_100uM
8	1	13	5	154 Sp0_100uM
8	2	13	5	154 Sp0_100uM
7	1	13	5	154 Sp8_100uM
7	2	13	5	154 Sp8_100uM
6	1	13	5	154 Sp8_100uM
6	2	13	5	154 Sp8_100uM
5	1	13	5	154 Sp8_100uM
5	2	13	5	154 Sp8_100uM
2	3	14	5	154 Sp0_10uM
2	4	14	5	154 Sp0_10uM
1	3	14	5	154 Sp0_10uM
1	4	14	5	154 Sp0_10uM
8	3	13	5	154 Sp0_10uM
8	4	13	5	154 Sp0_10uM
7	3	13	5	154 Sp8_10uM
7	4	13	5	154 Sp8_10uM
6	3	13	5	154 Sp8_10uM
6	4	13	5	154 Sp8_10uM
5	3	13	5	154 Sp8_10uM
5	4	13	5	154 Sp8_10uM
2	1	11	5	155 Sp8_100uM
2	2	11	5	155 Sp8_100uM
1	1	11	5	155 Sp8_100uM
1	2	11	5	155 Sp8_100uM
8	1	10	5	155 Sp8_100uM
8	2	10	5	155 Sp8_100uM
7	1	10	5	156 Sp8_100uM
7	2	10	5	156 Sp8_100uM
6	1	10	5	156 Sp8_100uM
6	2	10	5	156 Sp8_100uM
5	1	10	5	156 Sp8_100uM
5	2	10	5	156 Sp8_100uM
2	3	11	5	155 Sp8_10uM
2	4	11	5	155 Sp8_10uM
1	3	11	5	155 Sp8_10uM
1	4	11	5	155 Sp8_10uM
8	3	10	5	155 Sp8_10uM
8	4	10	5	155 Sp8_10uM
7	3	10	5	156 Sp8_10uM
7	4	10	5	156 Sp8_10uM
6	3	10	5	156 Sp8_10uM
6	4	10	5	156 Sp8_10uM
5	3	10	5	156 Sp8_10uM
5	4	10	5	156 Sp8_10uM
4	1	3	4	9 Sp8_100uM-P23
4	2	3	4	9 Sp8_100uM-P23
3	1	3	4	9 Sp8_100uM-P23
3	2	3	4	9 Sp8_100uM-P23
2	1	3	4	9 Sp8_100uM-P23
2	2	3	4	9 Sp8_100uM-P23
1	1	3	4	158 Sp8_100uM
1	2	3	4	158 Sp8_100uM
8	1	2	4	158 Sp8_100uM
8	2	2	4	158 Sp8_100uM
7	1	2	4	158 Sp8_100uM
7	2	2	4	158 Sp8_100uM
4	3	3	4	9 Sp8_10uM-P23
4	4	3	4	9 Sp8_10uM-P23
3	3	3	4	9 Sp8_10uM-P23
3	4	3	4	9 Sp8_10uM-P23
2	3	3	4	9 Sp8_10uM-P23
2	4	3	4	9 Sp8_10uM-P23
1	3	3	4	158 Sp8_10uM
1	4	3	4	158 Sp8_10uM
8	3	2	4	158 Sp8_10uM
8	4	2	4	158 Sp8_10uM
7	3	2	4	158 Sp8_10uM
7	4	2	4	158 Sp8_10uM
4	1	16	5	159 Sp8_100uM
4	2	16	5	159 Sp8_100uM
3	1	16	5	159 Sp8_100uM
3	2	16	5	159 Sp8_100uM
2	1	16	5	159 Sp8_100uM
2	2	16	5	159 Sp8_100uM
1	1	16	5	161 Sp8_100uM
1	2	16	5	161 Sp8_100uM
8	1	15	5	161 Sp8_100uM
8	2	15	5	161 Sp8_100uM
7	1	15	5	161 Sp8_100uM
7	2	15	5	161 Sp8_100uM
4	3	16	5	159 Sp8_10uM
4	4	16	5	159 Sp8_10uM
3	3	16	5	159 Sp8_10uM
3	4	16	5	159 Sp8_10uM
2	3	16	5	159 Sp8_10uM
2	4	16	5	159 Sp8_10uM
1	3	16	5	161 Sp8_10uM
1	4	16	5	161 Sp8_10uM
8	3	15	5	161 Sp8_10uM
8	4	15	5	161 Sp8_10uM
7	3	15	5	161 Sp8_10uM
7	4	15	5	161 Sp8_10uM
4	1	13	5	163 Sp8_100uM
4	2	13	5	163 Sp8_100uM
3	1	13	5	163 Sp8_100uM
3	2	13	5	163 Sp8_100uM
2	1	13	5	163 Sp8_100uM
2	2	13	5	163 Sp8_100uM
1	1	13	5	79 Sp8_100uM
1	2	13	5	79 Sp8_100uM
8	1	12	5	79 Sp8_100uM
8	2	12	5	79 Sp8_100uM
7	1	12	5	79 Sp8_100uM
7	2	12	5	79 Sp8_100uM
4	3	13	5	163 Sp8_10uM
4	4	13	5	163 Sp8_10uM
3	3	13	5	163 Sp8_10uM
3	4	13	5	163 Sp8_10uM
2	3	13	5	163 Sp8_10uM
2	4	13	5	163 Sp8_10uM
1	3	13	5	79 Sp8_10uM
1	4	13	5	79 Sp8_10uM
8	3	12	5	79 Sp8_10uM
8	4	12	5	79 Sp8_10uM
7	3	12	5	79 Sp8_10uM
7	4	12	5	79 Sp8_10uM
4	1	10	5	164 Sp0_100uM
4	2	10	5	164 Sp0_100uM
3	1	10	5	164 Sp0_100uM
3	2	10	5	164 Sp0_100uM
2	1	10	5	164 Sp0_100uM
2	2	10	5	164 Sp0_100uM
1	1	10	5	164 Sp8_100uM
1	2	10	5	164 Sp8_100uM
8	1	9	5	164 Sp8_100uM
8	2	9	5	164 Sp8_100uM
7	1	9	5	164 Sp8_100uM
7	2	9	5	164 Sp8_100uM
4	3	10	5	164 Sp0_10uM
4	4	10	5	164 Sp0_10uM
3	3	10	5	164 Sp0_10uM
3	4	10	5	164 Sp0_10uM
2	3	10	5	164 Sp0_10uM
2	4	10	5	164 Sp0_10uM
1	3	10	5	164 Sp8_10uM
1	4	10	5	164 Sp8_10uM
8	3	9	5	164 Sp8_10uM
8	4	9	5	164 Sp8_10uM
7	3	9	5	164 Sp8_10uM
7	4	9	5	164 Sp8_10uM
6	1	2	4	9 Sp8_100uM-P24
6	2	2	4	9 Sp8_100uM-P24
5	1	2	4	9 Sp8_100uM-P24
5	2	2	4	9 Sp8_100uM-P24
4	1	2	4	9 Sp8_100uM-P24
4	2	2	4	9 Sp8_100uM-P24
3	1	2	4	165 Sp0_100uM
3	2	2	4	165 Sp0_100uM
2	1	2	4	165 Sp0_100uM
2	2	2	4	165 Sp0_100uM
1	1	2	4	165 Sp0_100uM
1	2	2	4	165 Sp0_100uM
6	3	2	4	9 Sp8_10uM-P24
6	4	2	4	9 Sp8_10uM-P24
5	3	2	4	9 Sp8_10uM-P24
5	4	2	4	9 Sp8_10uM-P24
4	3	2	4	9 Sp8_10uM-P24
4	4	2	4	9 Sp8_10uM-P24
3	3	2	4	165 Sp0_10uM
3	4	2	4	165 Sp0_10uM
2	3	2	4	165 Sp0_10uM
2	4	2	4	165 Sp0_10uM
1	3	2	4	165 Sp0_10uM
1	4	2	4	165 Sp0_10uM
6	1	15	5	166 Sp0_100uM
6	2	15	5	166 Sp0_100uM
5	1	15	5	166 Sp0_100uM
5	2	15	5	166 Sp0_100uM
4	1	15	5	166 Sp0_100uM
4	2	15	5	166 Sp0_100uM
3	1	15	5	167 MDLys_100uM
3	2	15	5	167 MDLys_100uM
2	1	15	5	167 MDLys_100uM
2	2	15	5	167 MDLys_100uM
1	1	15	5	167 MDLys_100uM
1	2	15	5	167 MDLys_100uM
6	3	15	5	166 Sp0_10uM
6	4	15	5	166 Sp0_10uM
5	3	15	5	166 Sp0_10uM
5	4	15	5	166 Sp0_10uM
4	3	15	5	166 Sp0_10uM
4	4	15	5	166 Sp0_10uM
3	3	15	5	167 MDLys_10uM
3	4	15	5	167 MDLys_10uM
2	3	15	5	167 MDLys_10uM
2	4	15	5	167 MDLys_10uM
1	3	15	5	167 MDLys_10uM
1	4	15	5	167 MDLys_10uM
6	1	12	5	168 Sp8_100uM
6	2	12	5	168 Sp8_100uM
5	1	12	5	168 Sp8_100uM
5	2	12	5	168 Sp8_100uM
4	1	12	5	168 Sp8_100uM
4	2	12	5	168 Sp8_100uM
3	1	12	5	169 Sp8_100uM
3	2	12	5	169 Sp8_100uM
2	1	12	5	169 Sp8_100uM
2	2	12	5	169 Sp8_100uM
1	1	12	5	169 Sp8_100uM
1	2	12	5	169 Sp8_100uM
6	3	12	5	168 Sp8_10uM
6	4	12	5	168 Sp8_10uM
5	3	12	5	168 Sp8_10uM
5	4	12	5	168 Sp8_10uM
4	3	12	5	168 Sp8_10uM
4	4	12	5	168 Sp8_10uM
3	3	12	5	169 Sp8_10uM
3	4	12	5	169 Sp8_10uM
2	3	12	5	169 Sp8_10uM
2	4	12	5	169 Sp8_10uM
1	3	12	5	169 Sp8_10uM
1	4	12	5	169 Sp8_10uM
6	1	9	5	170 Sp8_100uM
6	2	9	5	170 Sp8_100uM
5	1	9	5	170 Sp8_100uM
5	2	9	5	170 Sp8_100uM
4	1	9	5	170 Sp8_100uM
4	2	9	5	170 Sp8_100uM
3	1	9	5	171 Sp8_100uM
3	2	9	5	171 Sp8_100uM
2	1	9	5	171 Sp8_100uM
2	2	9	5	171 Sp8_100uM
1	1	9	5	171 Sp8_100uM
1	2	9	5	171 Sp8_100uM
6	3	9	5	170 Sp8_10uM
6	4	9	5	170 Sp8_10uM
5	3	9	5	170 Sp8_10uM
5	4	9	5	170 Sp8_10uM
4	3	9	5	170 Sp8_10uM
4	4	9	5	170 Sp8_10uM
3	3	9	5	171 Sp8_10uM
3	4	9	5	171 Sp8_10uM
2	3	9	5	171 Sp8_10uM
2	4	9	5	171 Sp8_10uM
1	3	9	5	171 Sp8_10uM
1	4	9	5	171 Sp8_10uM
8	1	8	5	9 Sp8_100uM-P25
8	2	8	5	9 Sp8_100uM-P25
7	1	8	5	9 Sp8_100uM-P25
7	2	8	5	9 Sp8_100uM-P25
6	1	8	5	9 Sp8_100uM-P25
6	2	8	5	9 Sp8_100uM-P25
5	1	8	5	173 Sp8_100uM
5	2	8	5	173 Sp8_100uM
4	1	8	5	173 Sp8_100uM
4	2	8	5	173 Sp8_100uM
3	1	8	5	173 Sp8_100uM
3	2	8	5	173 Sp8_100uM
8	3	8	5	9 Sp8_10uM-P25
8	4	8	5	9 Sp8_10uM-P25
7	3	8	5	9 Sp8_10uM-P25
7	4	8	5	9 Sp8_10uM-P25
6	3	8	5	9 Sp8_10uM-P25
6	4	8	5	9 Sp8_10uM-P25
5	3	8	5	173 Sp8_10uM
5	4	8	5	173 Sp8_10uM
4	3	8	5	173 Sp8_10uM
4	4	8	5	173 Sp8_10uM
3	3	8	5	173 Sp8_10uM
3	4	8	5	173 Sp8_10uM
8	1	5	5	176 Sp8_100uM
8	2	5	5	176 Sp8_100uM
7	1	5	5	176 Sp8_100uM
7	2	5	5	176 Sp8_100uM
6	1	5	5	176 Sp8_100uM
6	2	5	5	176 Sp8_100uM
5	1	5	5	177 Sp8_100uM
5	2	5	5	177 Sp8_100uM
4	1	5	5	177 Sp8_100uM
4	2	5	5	177 Sp8_100uM
3	1	5	5	177 Sp8_100uM
3	2	5	5	177 Sp8_100uM
8	3	5	5	176 Sp8_10uM
8	4	5	5	176 Sp8_10uM
7	3	5	5	176 Sp8_10uM
7	4	5	5	176 Sp8_10uM
6	3	5	5	176 Sp8_10uM
6	4	5	5	176 Sp8_10uM
5	3	5	5	177 Sp8_10uM
5	4	5	5	177 Sp8_10uM
4	3	5	5	177 Sp8_10uM
4	4	5	5	177 Sp8_10uM
3	3	5	5	177 Sp8_10uM
3	4	5	5	177 Sp8_10uM
8	1	2	5	178 Sp8_100uM
8	2	2	5	178 Sp8_100uM
7	1	2	5	178 Sp8_100uM
7	2	2	5	178 Sp8_100uM
6	1	2	5	178 Sp8_100uM
6	2	2	5	178 Sp8_100uM
5	1	2	5	179 Sp8_100uM
5	2	2	5	179 Sp8_100uM
4	1	2	5	179 Sp8_100uM
4	2	2	5	179 Sp8_100uM
3	1	2	5	179 Sp8_100uM
3	2	2	5	179 Sp8_100uM
8	3	2	5	178 Sp8_10uM
8	4	2	5	178 Sp8_10uM
7	3	2	5	178 Sp8_10uM
7	4	2	5	178 Sp8_10uM
6	3	2	5	178 Sp8_10uM
6	4	2	5	178 Sp8_10uM
5	3	2	5	179 Sp8_10uM
5	4	2	5	179 Sp8_10uM
4	3	2	5	179 Sp8_10uM
4	4	2	5	179 Sp8_10uM
3	3	2	5	179 Sp8_10uM
3	4	2	5	179 Sp8_10uM
8	1	15	6	180 Sp8_100uM
8	2	15	6	180 Sp8_100uM
7	1	15	6	180 Sp8_100uM
7	2	15	6	180 Sp8_100uM
6	1	15	6	180 Sp8_100uM
6	2	15	6	180 Sp8_100uM
5	1	15	6	181 Sp8_100uM
5	2	15	6	181 Sp8_100uM
4	1	15	6	181 Sp8_100uM
4	2	15	6	181 Sp8_100uM
3	1	15	6	181 Sp8_100uM
3	2	15	6	181 Sp8_100uM
8	3	15	6	180 Sp8_10uM
8	4	15	6	180 Sp8_10uM
7	3	15	6	180 Sp8_10uM
7	4	15	6	180 Sp8_10uM
6	3	15	6	180 Sp8_10uM
6	4	15	6	180 Sp8_10uM
5	3	15	6	181 Sp8_10uM
5	4	15	6	181 Sp8_10uM
4	3	15	6	181 Sp8_10uM
4	4	15	6	181 Sp8_10uM
3	3	15	6	181 Sp8_10uM
3	4	15	6	181 Sp8_10uM
2	1	8	5	9 Sp8_100uM-P26
2	2	8	5	9 Sp8_100uM-P26
1	1	8	5	9 Sp8_100uM-P26
1	2	8	5	9 Sp8_100uM-P26
8	1	7	5	9 Sp8_100uM-P26
8	2	7	5	9 Sp8_100uM-P26
7	1	7	5	182 Sp8_100uM
7	2	7	5	182 Sp8_100uM
6	1	7	5	182 Sp8_100uM
6	2	7	5	182 Sp8_100uM
5	1	7	5	182 Sp8_100uM
5	2	7	5	182 Sp8_100uM
2	3	8	5	9 Sp8_10uM-P26
2	4	8	5	9 Sp8_10uM-P26
1	3	8	5	9 Sp8_10uM-P26
1	4	8	5	9 Sp8_10uM-P26
8	3	7	5	9 Sp8_10uM-P26
8	4	7	5	9 Sp8_10uM-P26
7	3	7	5	182 Sp8_10uM
7	4	7	5	182 Sp8_10uM
6	3	7	5	182 Sp8_10uM
6	4	7	5	182 Sp8_10uM
5	3	7	5	182 Sp8_10uM
5	4	7	5	182 Sp8_10uM
2	1	5	5	183_100uM
2	2	5	5	183_100uM
1	1	5	5	183_100uM
1	2	5	5	183_100uM
8	1	4	5	183_100uM
8	2	4	5	183_100uM
7	1	4	5	184 Sp8_100uM
7	2	4	5	184 Sp8_100uM
6	1	4	5	184 Sp8_100uM
6	2	4	5	184 Sp8_100uM
5	1	4	5	184 Sp8_100uM
5	2	4	5	184 Sp8_100uM
2	3	5	5	183_10uM
2	4	5	5	183_10uM
1	3	5	5	183_10uM
1	4	5	5	183_10uM
8	3	4	5	183_10uM
8	4	4	5	183_10uM
7	3	4	5	184 Sp8_10uM
7	4	4	5	184 Sp8_10uM
6	3	4	5	184 Sp8_10uM
6	4	4	5	184 Sp8_10uM
5	3	4	5	184 Sp8_10uM
5	4	4	5	184 Sp8_10uM
2	1	2	5	185 Sp8_100uM
2	2	2	5	185 Sp8_100uM
1	1	2	5	185 Sp8_100uM
1	2	2	5	185 Sp8_100uM
8	1	1	5	185 Sp8_100uM
8	2	1	5	185 Sp8_100uM
7	1	1	5	186 Sp8_100uM
7	2	1	5	186 Sp8_100uM
6	1	1	5	186 Sp8_100uM
6	2	1	5	186 Sp8_100uM
5	1	1	5	186 Sp8_100uM
5	2	1	5	186 Sp8_100uM
2	3	2	5	185 Sp8_10uM
2	4	2	5	185 Sp8_10uM
1	3	2	5	185 Sp8_10uM
1	4	2	5	185 Sp8_10uM
8	3	1	5	185 Sp8_10uM
8	4	1	5	185 Sp8_10uM
7	3	1	5	186 Sp8_10uM
7	4	1	5	186 Sp8_10uM
6	3	1	5	186 Sp8_10uM
6	4	1	5	186 Sp8_10uM
5	3	1	5	186 Sp8_10uM
5	4	1	5	186 Sp8_10uM
2	1	15	6	187 Sp8_100uM
2	2	15	6	187 Sp8_100uM
1	1	15	6	187 Sp8_100uM
1	2	15	6	187 Sp8_100uM
8	1	14	6	187 Sp8_100uM
8	2	14	6	187 Sp8_100uM
7	1	14	6	188 Sp0_100uM
7	2	14	6	188 Sp0_100uM
6	1	14	6	188 Sp0_100uM
6	2	14	6	188 Sp0_100uM
5	1	14	6	188 Sp0_100uM
5	2	14	6	188 Sp0_100uM
2	3	15	6	187 Sp8_10uM
2	4	15	6	187 Sp8_10uM
1	3	15	6	187 Sp8_10uM
1	4	15	6	187 Sp8_10uM
8	3	14	6	187 Sp8_10uM
8	4	14	6	187 Sp8_10uM
7	3	14	6	188 Sp0_10uM
7	4	14	6	188 Sp0_10uM
6	3	14	6	188 Sp0_10uM
6	4	14	6	188 Sp0_10uM
5	3	14	6	188 Sp0_10uM
5	4	14	6	188 Sp0_10uM
4	1	7	5	9 Sp8_100uM-P27
4	2	7	5	9 Sp8_100uM-P27
3	1	7	5	9 Sp8_100uM-P27
3	2	7	5	9 Sp8_100uM-P27
2	1	7	5	9 Sp8_100uM-P27
2	2	7	5	9 Sp8_100uM-P27
1	1	7	5	189 Sp0_100uM
1	2	7	5	189 Sp0_100uM
8	1	6	5	189 Sp0_100uM
8	2	6	5	189 Sp0_100uM
7	1	6	5	189 Sp0_100uM
7	2	6	5	189 Sp0_100uM
4	3	7	5	9 Sp8_10uM-P27
4	4	7	5	9 Sp8_10uM-P27
3	3	7	5	9 Sp8_10uM-P27
3	4	7	5	9 Sp8_10uM-P27
2	3	7	5	9 Sp8_10uM-P27
2	4	7	5	9 Sp8_10uM-P27
1	3	7	5	189 Sp0_10uM
1	4	7	5	189 Sp0_10uM
8	3	6	5	189 Sp0_10uM
8	4	6	5	189 Sp0_10uM
7	3	6	5	189 Sp0_10uM
7	4	6	5	189 Sp0_10uM
4	1	4	5	190 Sp9_100uM
4	2	4	5	190 Sp9_100uM
3	1	4	5	190 Sp9_100uM
3	2	4	5	190 Sp9_100uM
2	1	4	5	190 Sp9_100uM
2	2	4	5	190 Sp9_100uM
1	1	4	5	191 Sp9_100uM
1	2	4	5	191 Sp9_100uM
8	1	3	5	191 Sp9_100uM
8	2	3	5	191 Sp9_100uM
7	1	3	5	191 Sp9_100uM
7	2	3	5	191 Sp9_100uM
4	3	4	5	190 Sp9_10uM
4	4	4	5	190 Sp9_10uM
3	3	4	5	190 Sp9_10uM
3	4	4	5	190 Sp9_10uM
2	3	4	5	190 Sp9_10uM
2	4	4	5	190 Sp9_10uM
1	3	4	5	191 Sp9_10uM
1	4	4	5	191 Sp9_10uM
8	3	3	5	191 Sp9_10uM
8	4	3	5	191 Sp9_10uM
7	3	3	5	191 Sp9_10uM
7	4	3	5	191 Sp9_10uM
4	1	1	5	192 Sp9_100uM
4	2	1	5	192 Sp9_100uM
3	1	1	5	192 Sp9_100uM
3	2	1	5	192 Sp9_100uM
2	1	1	5	192 Sp9_100uM
2	2	1	5	192 Sp9_100uM
1	1	1	5	195 N_100uM
1	2	1	5	195 N_100uM
8	1	16	6	195 N_100uM
8	2	16	6	195 N_100uM
7	1	16	6	195 N_100uM
7	2	16	6	195 N_100uM
4	3	1	5	192 Sp9_10uM
4	4	1	5	192 Sp9_10uM
3	3	1	5	192 Sp9_10uM
3	4	1	5	192 Sp9_10uM
2	3	1	5	192 Sp9_10uM
2	4	1	5	192 Sp9_10uM
1	3	1	5	195 N_10uM
1	4	1	5	195 N_10uM
8	3	16	6	195 N_10uM
8	4	16	6	195 N_10uM
7	3	16	6	195 N_10uM
7	4	16	6	195 N_10uM
4	1	14	6	197 N_100uM
4	2	14	6	197 N_100uM
3	1	14	6	197 N_100uM
3	2	14	6	197 N_100uM
2	1	14	6	197 N_100uM
2	2	14	6	197 N_100uM
1	1	14	6	198 N_100uM
1	2	14	6	198 N_100uM
8	1	13	6	198 N_100uM
8	2	13	6	198 N_100uM
7	1	13	6	198 N_100uM
7	2	13	6	198 N_100uM
4	3	14	6	197 N_10uM
4	4	14	6	197 N_10uM
3	3	14	6	197 N_10uM
3	4	14	6	197 N_10uM
2	3	14	6	197 N_10uM
2	4	14	6	197 N_10uM
1	3	14	6	198 N_10uM
1	4	14	6	198 N_10uM
8	3	13	6	198 N_10uM
8	4	13	6	198 N_10uM
7	3	13	6	198 N_10uM
7	4	13	6	198 N_10uM
6	1	6	5	9 Sp8_100uM-P28
6	2	6	5	9 Sp8_100uM-P28
5	1	6	5	9 Sp8_100uM-P28
5	2	6	5	9 Sp8_100uM-P28
4	1	6	5	9 Sp8_100uM-P28
4	2	6	5	9 Sp8_100uM-P28
3	1	6	5	199 Sp9_100uM
3	2	6	5	199 Sp9_100uM
2	1	6	5	199 Sp9_100uM
2	2	6	5	199 Sp9_100uM
1	1	6	5	199 Sp9_100uM
1	2	6	5	199 Sp9_100uM
6	3	6	5	9 Sp8_10uM-P28
6	4	6	5	9 Sp8_10uM-P28
5	3	6	5	9 Sp8_10uM-P28
5	4	6	5	9 Sp8_10uM-P28
4	3	6	5	9 Sp8_10uM-P28
4	4	6	5	9 Sp8_10uM-P28
3	3	6	5	199 Sp9_10uM
3	4	6	5	199 Sp9_10uM
2	3	6	5	199 Sp9_10uM
2	4	6	5	199 Sp9_10uM
1	3	6	5	199 Sp9_10uM
1	4	6	5	199 Sp9_10uM
6	1	3	5	200 Sp9_100uM
6	2	3	5	200 Sp9_100uM
5	1	3	5	200 Sp9_100uM
5	2	3	5	200 Sp9_100uM
4	1	3	5	200 Sp9_100uM
4	2	3	5	200 Sp9_100uM
3	1	3	5	203 N_100uM
3	2	3	5	203 N_100uM
2	1	3	5	203 N_100uM
2	2	3	5	203 N_100uM
1	1	3	5	203 N_100uM
1	2	3	5	203 N_100uM
6	3	3	5	200 Sp9_10uM
6	4	3	5	200 Sp9_10uM
5	3	3	5	200 Sp9_10uM
5	4	3	5	200 Sp9_10uM
4	3	3	5	200 Sp9_10uM
4	4	3	5	200 Sp9_10uM
3	3	3	5	203 N_10uM
3	4	3	5	203 N_10uM
2	3	3	5	203 N_10uM
2	4	3	5	203 N_10uM
1	3	3	5	203 N_10uM
1	4	3	5	203 N_10uM
6	1	16	6	205 N_100uM
6	2	16	6	205 N_100uM
5	1	16	6	205 N_100uM
5	2	16	6	205 N_100uM
4	1	16	6	205 N_100uM
4	2	16	6	205 N_100uM
3	1	16	6	207 N_100uM
3	2	16	6	207 N_100uM
2	1	16	6	207 N_100uM
2	2	16	6	207 N_100uM
1	1	16	6	207 N_100uM
1	2	16	6	207 N_100uM
6	3	16	6	205 N_10uM
6	4	16	6	205 N_10uM
5	3	16	6	205 N_10uM
5	4	16	6	205 N_10uM
4	3	16	6	205 N_10uM
4	4	16	6	205 N_10uM
3	3	16	6	207 N_10uM
3	4	16	6	207 N_10uM
2	3	16	6	207 N_10uM
2	4	16	6	207 N_10uM
1	3	16	6	207 N_10uM
1	4	16	6	207 N_10uM
6	1	13	6	208 Sp0_100uM
6	2	13	6	208 Sp0_100uM
5	1	13	6	208 Sp0_100uM
5	2	13	6	208 Sp0_100uM
4	1	13	6	208 Sp0_100uM
4	2	13	6	208 Sp0_100uM
3	1	13	6	215 Sp0_100uM
3	2	13	6	215 Sp0_100uM
2	1	13	6	215 Sp0_100uM
2	2	13	6	215 Sp0_100uM
1	1	13	6	215 Sp0_100uM
1	2	13	6	215 Sp0_100uM
6	3	13	6	208 Sp0_10uM
6	4	13	6	208 Sp0_10uM
5	3	13	6	208 Sp0_10uM
5	4	13	6	208 Sp0_10uM
4	3	13	6	208 Sp0_10uM
4	4	13	6	208 Sp0_10uM
3	3	13	6	215 Sp0_10uM
3	4	13	6	215 Sp0_10uM
2	3	13	6	215 Sp0_10uM
2	4	13	6	215 Sp0_10uM
1	3	13	6	215 Sp0_10uM
1	4	13	6	215 Sp0_10uM
8	1	12	6	9 Sp8_100uM-P29
8	2	12	6	9 Sp8_100uM-P29
7	1	12	6	9 Sp8_100uM-P29
7	2	12	6	9 Sp8_100uM-P29
6	1	12	6	9 Sp8_100uM-P29
6	2	12	6	9 Sp8_100uM-P29
5	1	12	6	220 Sp8_100uM
5	2	12	6	220 Sp8_100uM
4	1	12	6	220 Sp8_100uM
4	2	12	6	220 Sp8_100uM
3	1	12	6	220 Sp8_100uM
3	2	12	6	220 Sp8_100uM
8	3	12	6	9 Sp8_10uM-P29
8	4	12	6	9 Sp8_10uM-P29
7	3	12	6	9 Sp8_10uM-P29
7	4	12	6	9 Sp8_10uM-P29
6	3	12	6	9 Sp8_10uM-P29
6	4	12	6	9 Sp8_10uM-P29
5	3	12	6	220 Sp8_10uM
5	4	12	6	220 Sp8_10uM
4	3	12	6	220 Sp8_10uM
4	4	12	6	220 Sp8_10uM
3	3	12	6	220 Sp8_10uM
3	4	12	6	220 Sp8_10uM
8	1	9	6	221 Sp0_100uM
8	2	9	6	221 Sp0_100uM
7	1	9	6	221 Sp0_100uM
7	2	9	6	221 Sp0_100uM
6	1	9	6	221 Sp0_100uM
6	2	9	6	221 Sp0_100uM
5	1	9	6	223 Sp0_100uM
5	2	9	6	223 Sp0_100uM
4	1	9	6	223 Sp0_100uM
4	2	9	6	223 Sp0_100uM
3	1	9	6	223 Sp0_100uM
3	2	9	6	223 Sp0_100uM
8	3	9	6	221 Sp0_10uM
8	4	9	6	221 Sp0_10uM
7	3	9	6	221 Sp0_10uM
7	4	9	6	221 Sp0_10uM
6	3	9	6	221 Sp0_10uM
6	4	9	6	221 Sp0_10uM
5	3	9	6	223 Sp0_10uM
5	4	9	6	223 Sp0_10uM
4	3	9	6	223 Sp0_10uM
4	4	9	6	223 Sp0_10uM
3	3	9	6	223 Sp0_10uM
3	4	9	6	223 Sp0_10uM
8	1	6	6	224 Sp0_100uM
8	2	6	6	224 Sp0_100uM
7	1	6	6	224 Sp0_100uM
7	2	6	6	224 Sp0_100uM
6	1	6	6	224 Sp0_100uM
6	2	6	6	224 Sp0_100uM
5	1	6	6	225 Sp0_100uM
5	2	6	6	225 Sp0_100uM
4	1	6	6	225 Sp0_100uM
4	2	6	6	225 Sp0_100uM
3	1	6	6	225 Sp0_100uM
3	2	6	6	225 Sp0_100uM
8	3	6	6	224 Sp0_10uM
8	4	6	6	224 Sp0_10uM
7	3	6	6	224 Sp0_10uM
7	4	6	6	224 Sp0_10uM
6	3	6	6	224 Sp0_10uM
6	4	6	6	224 Sp0_10uM
5	3	6	6	225 Sp0_10uM
5	4	6	6	225 Sp0_10uM
4	3	6	6	225 Sp0_10uM
4	4	6	6	225 Sp0_10uM
3	3	6	6	225 Sp0_10uM
3	4	6	6	225 Sp0_10uM
8	1	3	6	227 Sp8_100uM
8	2	3	6	227 Sp8_100uM
7	1	3	6	227 Sp8_100uM
7	2	3	6	227 Sp8_100uM
6	1	3	6	227 Sp8_100uM
6	2	3	6	227 Sp8_100uM
5	1	3	6	230 Sp0_100uM
5	2	3	6	230 Sp0_100uM
4	1	3	6	230 Sp0_100uM
4	2	3	6	230 Sp0_100uM
3	1	3	6	230 Sp0_100uM
3	2	3	6	230 Sp0_100uM
8	3	3	6	227 Sp8_10uM
8	4	3	6	227 Sp8_10uM
7	3	3	6	227 Sp8_10uM
7	4	3	6	227 Sp8_10uM
6	3	3	6	227 Sp8_10uM
6	4	3	6	227 Sp8_10uM
5	3	3	6	230 Sp0_10uM
5	4	3	6	230 Sp0_10uM
4	3	3	6	230 Sp0_10uM
4	4	3	6	230 Sp0_10uM
3	3	3	6	230 Sp0_10uM
3	4	3	6	230 Sp0_10uM
2	1	12	6	9 Sp8_100uM-P30
2	2	12	6	9 Sp8_100uM-P30
1	1	12	6	9 Sp8_100uM-P30
1	2	12	6	9 Sp8_100uM-P30
8	1	11	6	9 Sp8_100uM-P30
8	2	11	6	9 Sp8_100uM-P30
7	1	11	6	230 Sp8_100uM
7	2	11	6	230 Sp8_100uM
6	1	11	6	230 Sp8_100uM
6	2	11	6	230 Sp8_100uM
5	1	11	6	230 Sp8_100uM
5	2	11	6	230 Sp8_100uM
2	3	12	6	9 Sp8_10uM-P30
2	4	12	6	9 Sp8_10uM-P30
1	3	12	6	9 Sp8_10uM-P30
1	4	12	6	9 Sp8_10uM-P30
8	3	11	6	9 Sp8_10uM-P30
8	4	11	6	9 Sp8_10uM-P30
7	3	11	6	230 Sp8_10uM
7	4	11	6	230 Sp8_10uM
6	3	11	6	230 Sp8_10uM
6	4	11	6	230 Sp8_10uM
5	3	11	6	230 Sp8_10uM
5	4	11	6	230 Sp8_10uM
2	1	9	6	231 Sp0_100uM
2	2	9	6	231 Sp0_100uM
1	1	9	6	231 Sp0_100uM
1	2	9	6	231 Sp0_100uM
8	1	8	6	231 Sp0_100uM
8	2	8	6	231 Sp0_100uM
7	1	8	6	232 Sp0_100uM
7	2	8	6	232 Sp0_100uM
6	1	8	6	232 Sp0_100uM
6	2	8	6	232 Sp0_100uM
5	1	8	6	232 Sp0_100uM
5	2	8	6	232 Sp0_100uM
2	3	9	6	231 Sp0_10uM
2	4	9	6	231 Sp0_10uM
1	3	9	6	231 Sp0_10uM
1	4	9	6	231 Sp0_10uM
8	3	8	6	231 Sp0_10uM
8	4	8	6	231 Sp0_10uM
7	3	8	6	232 Sp0_10uM
7	4	8	6	232 Sp0_10uM
6	3	8	6	232 Sp0_10uM
6	4	8	6	232 Sp0_10uM
5	3	8	6	232 Sp0_10uM
5	4	8	6	232 Sp0_10uM
2	1	6	6	233 Sp8_100uM
2	2	6	6	233 Sp8_100uM
1	1	6	6	233 Sp8_100uM
1	2	6	6	233 Sp8_100uM
8	1	5	6	233 Sp8_100uM
8	2	5	6	233 Sp8_100uM
7	1	5	6	234 Sp8_100uM
7	2	5	6	234 Sp8_100uM
6	1	5	6	234 Sp8_100uM
6	2	5	6	234 Sp8_100uM
5	1	5	6	234 Sp8_100uM
5	2	5	6	234 Sp8_100uM
2	3	6	6	233 Sp8_10uM
2	4	6	6	233 Sp8_10uM
1	3	6	6	233 Sp8_10uM
1	4	6	6	233 Sp8_10uM
8	3	5	6	233 Sp8_10uM
8	4	5	6	233 Sp8_10uM
7	3	5	6	234 Sp8_10uM
7	4	5	6	234 Sp8_10uM
6	3	5	6	234 Sp8_10uM
6	4	5	6	234 Sp8_10uM
5	3	5	6	234 Sp8_10uM
5	4	5	6	234 Sp8_10uM
2	1	3	6	235 Sp0_100uM
2	2	3	6	235 Sp0_100uM
1	1	3	6	235 Sp0_100uM
1	2	3	6	235 Sp0_100uM
8	1	2	6	235 Sp0_100uM
8	2	2	6	235 Sp0_100uM
7	1	2	6	236 Sp8_100uM
7	2	2	6	236 Sp8_100uM
6	1	2	6	236 Sp8_100uM
6	2	2	6	236 Sp8_100uM
5	1	2	6	236 Sp8_100uM
5	2	2	6	236 Sp8_100uM
2	3	3	6	235 Sp0_10uM
2	4	3	6	235 Sp0_10uM
1	3	3	6	235 Sp0_10uM
1	4	3	6	235 Sp0_10uM
8	3	2	6	235 Sp0_10uM
8	4	2	6	235 Sp0_10uM
7	3	2	6	236 Sp8_10uM
7	4	2	6	236 Sp8_10uM
6	3	2	6	236 Sp8_10uM
6	4	2	6	236 Sp8_10uM
5	3	2	6	236 Sp8_10uM
5	4	2	6	236 Sp8_10uM
4	1	11	6	9 Sp8_100uM-P31
4	2	11	6	9 Sp8_100uM-P31
3	1	11	6	9 Sp8_100uM-P31
3	2	11	6	9 Sp8_100uM-P31
2	1	11	6	9 Sp8_100uM-P31
2	2	11	6	9 Sp8_100uM-P31
1	1	11	6	237 Sp8_100uM
1	2	11	6	237 Sp8_100uM
8	1	10	6	237 Sp8_100uM
8	2	10	6	237 Sp8_100uM
7	1	10	6	237 Sp8_100uM
7	2	10	6	237 Sp8_100uM
4	3	11	6	9 Sp8_10uM-P31
4	4	11	6	9 Sp8_10uM-P31
3	3	11	6	9 Sp8_10uM-P31
3	4	11	6	9 Sp8_10uM-P31
2	3	11	6	9 Sp8_10uM-P31
2	4	11	6	9 Sp8_10uM-P31
1	3	11	6	237 Sp8_10uM
1	4	11	6	237 Sp8_10uM
8	3	10	6	237 Sp8_10uM
8	4	10	6	237 Sp8_10uM
7	3	10	6	237 Sp8_10uM
7	4	10	6	237 Sp8_10uM
4	1	8	6	238 Sp0_100uM
4	2	8	6	238 Sp0_100uM
3	1	8	6	238 Sp0_100uM
3	2	8	6	238 Sp0_100uM
2	1	8	6	238 Sp0_100uM
2	2	8	6	238 Sp0_100uM
1	1	8	6	240 Sp8_100uM
1	2	8	6	240 Sp8_100uM
8	1	7	6	240 Sp8_100uM
8	2	7	6	240 Sp8_100uM
7	1	7	6	240 Sp8_100uM
7	2	7	6	240 Sp8_100uM
4	3	8	6	238 Sp0_10uM
4	4	8	6	238 Sp0_10uM
3	3	8	6	238 Sp0_10uM
3	4	8	6	238 Sp0_10uM
2	3	8	6	238 Sp0_10uM
2	4	8	6	238 Sp0_10uM
1	3	8	6	240 Sp8_10uM
1	4	8	6	240 Sp8_10uM
8	3	7	6	240 Sp8_10uM
8	4	7	6	240 Sp8_10uM
7	3	7	6	240 Sp8_10uM
7	4	7	6	240 Sp8_10uM
4	1	5	6	243 Sp8_100uM
4	2	5	6	243 Sp8_100uM
3	1	5	6	243 Sp8_100uM
3	2	5	6	243 Sp8_100uM
2	1	5	6	243 Sp8_100uM
2	2	5	6	243 Sp8_100uM
1	1	5	6	244 Sp8_100uM
1	2	5	6	244 Sp8_100uM
8	1	4	6	244 Sp8_100uM
8	2	4	6	244 Sp8_100uM
7	1	4	6	244 Sp8_100uM
7	2	4	6	244 Sp8_100uM
4	3	5	6	243 Sp8_10uM
4	4	5	6	243 Sp8_10uM
3	3	5	6	243 Sp8_10uM
3	4	5	6	243 Sp8_10uM
2	3	5	6	243 Sp8_10uM
2	4	5	6	243 Sp8_10uM
1	3	5	6	244 Sp8_10uM
1	4	5	6	244 Sp8_10uM
8	3	4	6	244 Sp8_10uM
8	4	4	6	244 Sp8_10uM
7	3	4	6	244 Sp8_10uM
7	4	4	6	244 Sp8_10uM
4	1	2	6	245 Sp8_100uM
4	2	2	6	245 Sp8_100uM
3	1	2	6	245 Sp8_100uM
3	2	2	6	245 Sp8_100uM
2	1	2	6	245 Sp8_100uM
2	2	2	6	245 Sp8_100uM
1	1	2	6	246 Sp0_100uM
1	2	2	6	246 Sp0_100uM
8	1	1	6	246 Sp0_100uM
8	2	1	6	246 Sp0_100uM
7	1	1	6	246 Sp0_100uM
7	2	1	6	246 Sp0_100uM
4	3	2	6	245 Sp8_10uM
4	4	2	6	245 Sp8_10uM
3	3	2	6	245 Sp8_10uM
3	4	2	6	245 Sp8_10uM
2	3	2	6	245 Sp8_10uM
2	4	2	6	245 Sp8_10uM
1	3	2	6	246 Sp0_10uM
1	4	2	6	246 Sp0_10uM
8	3	1	6	246 Sp0_10uM
8	4	1	6	246 Sp0_10uM
7	3	1	6	246 Sp0_10uM
7	4	1	6	246 Sp0_10uM
6	1	10	6	9 Sp8_100uM-P32
6	2	10	6	9 Sp8_100uM-P32
5	1	10	6	9 Sp8_100uM-P32
5	2	10	6	9 Sp8_100uM-P32
4	1	10	6	9 Sp8_100uM-P32
4	2	10	6	9 Sp8_100uM-P32
3	1	10	6	247 Sp0_100uM
3	2	10	6	247 Sp0_100uM
2	1	10	6	247 Sp0_100uM
2	2	10	6	247 Sp0_100uM
1	1	10	6	247 Sp0_100uM
1	2	10	6	247 Sp0_100uM
6	3	10	6	9 Sp8_10uM-P32
6	4	10	6	9 Sp8_10uM-P32
5	3	10	6	9 Sp8_10uM-P32
5	4	10	6	9 Sp8_10uM-P32
4	3	10	6	9 Sp8_10uM-P32
4	4	10	6	9 Sp8_10uM-P32
3	3	10	6	247 Sp0_10uM
3	4	10	6	247 Sp0_10uM
2	3	10	6	247 Sp0_10uM
2	4	10	6	247 Sp0_10uM
1	3	10	6	247 Sp0_10uM
1	4	10	6	247 Sp0_10uM
6	1	7	6	249 Sp0_100uM
6	2	7	6	249 Sp0_100uM
5	1	7	6	249 Sp0_100uM
5	2	7	6	249 Sp0_100uM
4	1	7	6	249 Sp0_100uM
4	2	7	6	249 Sp0_100uM
3	1	7	6	249 Sp8_100uM
3	2	7	6	249 Sp8_100uM
2	1	7	6	249 Sp8_100uM
2	2	7	6	249 Sp8_100uM
1	1	7	6	249 Sp8_100uM
1	2	7	6	249 Sp8_100uM
6	3	7	6	249 Sp0_10uM
6	4	7	6	249 Sp0_10uM
5	3	7	6	249 Sp0_10uM
5	4	7	6	249 Sp0_10uM
4	3	7	6	249 Sp0_10uM
4	4	7	6	249 Sp0_10uM
3	3	7	6	249 Sp8_10uM
3	4	7	6	249 Sp8_10uM
2	3	7	6	249 Sp8_10uM
2	4	7	6	249 Sp8_10uM
1	3	7	6	249 Sp8_10uM
1	4	7	6	249 Sp8_10uM
6	1	4	6	250 Sp8_100uM
6	2	4	6	250 Sp8_100uM
5	1	4	6	250 Sp8_100uM
5	2	4	6	250 Sp8_100uM
4	1	4	6	250 Sp8_100uM
4	2	4	6	250 Sp8_100uM
3	1	4	6	251 Sp8_100uM
3	2	4	6	251 Sp8_100uM
2	1	4	6	251 Sp8_100uM
2	2	4	6	251 Sp8_100uM
1	1	4	6	251 Sp8_100uM
1	2	4	6	251 Sp8_100uM
6	3	4	6	250 Sp8_10uM
6	4	4	6	250 Sp8_10uM
5	3	4	6	250 Sp8_10uM
5	4	4	6	250 Sp8_10uM
4	3	4	6	250 Sp8_10uM
4	4	4	6	250 Sp8_10uM
3	3	4	6	251 Sp8_10uM
3	4	4	6	251 Sp8_10uM
2	3	4	6	251 Sp8_10uM
2	4	4	6	251 Sp8_10uM
1	3	4	6	251 Sp8_10uM
1	4	4	6	251 Sp8_10uM
6	1	1	6	252 Sp0_100uM
6	2	1	6	252 Sp0_100uM
5	1	1	6	252 Sp0_100uM
5	2	1	6	252 Sp0_100uM
4	1	1	6	252 Sp0_100uM
4	2	1	6	252 Sp0_100uM
3	1	1	6	253 Sp0_100uM
3	2	1	6	253 Sp0_100uM
2	1	1	6	253 Sp0_100uM
2	2	1	6	253 Sp0_100uM
1	1	1	6	253 Sp0_100uM
1	2	1	6	253 Sp0_100uM
6	3	1	6	252 Sp0_10uM
6	4	1	6	252 Sp0_10uM
5	3	1	6	252 Sp0_10uM
5	4	1	6	252 Sp0_10uM
4	3	1	6	252 Sp0_10uM
4	4	1	6	252 Sp0_10uM
3	3	1	6	253 Sp0_10uM
3	4	1	6	253 Sp0_10uM
2	3	1	6	253 Sp0_10uM
2	4	1	6	253 Sp0_10uM
1	3	1	6	253 Sp0_10uM
1	4	1	6	253 Sp0_10uM
8	1	16	7	9 Sp8_100uM-P33
8	2	16	7	9 Sp8_100uM-P33
7	1	16	7	9 Sp8_100uM-P33
7	2	16	7	9 Sp8_100uM-P33
6	1	16	7	9 Sp8_100uM-P33
6	2	16	7	9 Sp8_100uM-P33
5	1	16	7	253 Sp8_100uM
5	2	16	7	253 Sp8_100uM
4	1	16	7	253 Sp8_100uM
4	2	16	7	253 Sp8_100uM
3	1	16	7	253 Sp8_100uM
3	2	16	7	253 Sp8_100uM
8	3	16	7	9 Sp8_10uM-P33
8	4	16	7	9 Sp8_10uM-P33
7	3	16	7	9 Sp8_10uM-P33
7	4	16	7	9 Sp8_10uM-P33
6	3	16	7	9 Sp8_10uM-P33
6	4	16	7	9 Sp8_10uM-P33
5	3	16	7	253 Sp8_10uM
5	4	16	7	253 Sp8_10uM
4	3	16	7	253 Sp8_10uM
4	4	16	7	253 Sp8_10uM
3	3	16	7	253 Sp8_10uM
3	4	16	7	253 Sp8_10uM
8	1	13	7	254 Sp8_100uM
8	2	13	7	254 Sp8_100uM
7	1	13	7	254 Sp8_100uM
7	2	13	7	254 Sp8_100uM
6	1	13	7	254 Sp8_100uM
6	2	13	7	254 Sp8_100uM
5	1	13	7	255 Sp8_100uM
5	2	13	7	255 Sp8_100uM
4	1	13	7	255 Sp8_100uM
4	2	13	7	255 Sp8_100uM
3	1	13	7	255 Sp8_100uM
3	2	13	7	255 Sp8_100uM
8	3	13	7	254 Sp8_10uM
8	4	13	7	254 Sp8_10uM
7	3	13	7	254 Sp8_10uM
7	4	13	7	254 Sp8_10uM
6	3	13	7	254 Sp8_10uM
6	4	13	7	254 Sp8_10uM
5	3	13	7	255 Sp8_10uM
5	4	13	7	255 Sp8_10uM
4	3	13	7	255 Sp8_10uM
4	4	13	7	255 Sp8_10uM
3	3	13	7	255 Sp8_10uM
3	4	13	7	255 Sp8_10uM
8	1	10	7	210 Sp0_100uM
8	2	10	7	210 Sp0_100uM
7	1	10	7	210 Sp0_100uM
7	2	10	7	210 Sp0_100uM
6	1	10	7	210 Sp0_100uM
6	2	10	7	210 Sp0_100uM
5	1	10	7	257 Sp0_100uM
5	2	10	7	257 Sp0_100uM
4	1	10	7	257 Sp0_100uM
4	2	10	7	257 Sp0_100uM
3	1	10	7	257 Sp0_100uM
3	2	10	7	257 Sp0_100uM
8	3	10	7	210 Sp0_10uM
8	4	10	7	210 Sp0_10uM
7	3	10	7	210 Sp0_10uM
7	4	10	7	210 Sp0_10uM
6	3	10	7	210 Sp0_10uM
6	4	10	7	210 Sp0_10uM
5	3	10	7	257 Sp0_10uM
5	4	10	7	257 Sp0_10uM
4	3	10	7	257 Sp0_10uM
4	4	10	7	257 Sp0_10uM
3	3	10	7	257 Sp0_10uM
3	4	10	7	257 Sp0_10uM
8	1	7	7	258 Sp0_100uM
8	2	7	7	258 Sp0_100uM
7	1	7	7	258 Sp0_100uM
7	2	7	7	258 Sp0_100uM
6	1	7	7	258 Sp0_100uM
6	2	7	7	258 Sp0_100uM
5	1	7	7	258 Sp8_100uM
5	2	7	7	258 Sp8_100uM
4	1	7	7	258 Sp8_100uM
4	2	7	7	258 Sp8_100uM
3	1	7	7	258 Sp8_100uM
3	2	7	7	258 Sp8_100uM
8	3	7	7	258 Sp0_10uM
8	4	7	7	258 Sp0_10uM
7	3	7	7	258 Sp0_10uM
7	4	7	7	258 Sp0_10uM
6	3	7	7	258 Sp0_10uM
6	4	7	7	258 Sp0_10uM
5	3	7	7	258 Sp8_10uM
5	4	7	7	258 Sp8_10uM
4	3	7	7	258 Sp8_10uM
4	4	7	7	258 Sp8_10uM
3	3	7	7	258 Sp8_10uM
3	4	7	7	258 Sp8_10uM
2	1	16	7	9 Sp8_100uM-P34
2	2	16	7	9 Sp8_100uM-P34
1	1	16	7	9 Sp8_100uM-P34
1	2	16	7	9 Sp8_100uM-P34
8	1	15	7	9 Sp8_100uM-P34
8	2	15	7	9 Sp8_100uM-P34
7	1	15	7	259 Sp0_100uM
7	2	15	7	259 Sp0_100uM
6	1	15	7	259 Sp0_100uM
6	2	15	7	259 Sp0_100uM
5	1	15	7	259 Sp0_100uM
5	2	15	7	259 Sp0_100uM
2	3	16	7	9 Sp8_10uM-P34
2	4	16	7	9 Sp8_10uM-P34
1	3	16	7	9 Sp8_10uM-P34
1	4	16	7	9 Sp8_10uM-P34
8	3	15	7	9 Sp8_10uM-P34
8	4	15	7	9 Sp8_10uM-P34
7	3	15	7	259 Sp0_10uM
7	4	15	7	259 Sp0_10uM
6	3	15	7	259 Sp0_10uM
6	4	15	7	259 Sp0_10uM
5	3	15	7	259 Sp0_10uM
5	4	15	7	259 Sp0_10uM
2	1	13	7	261 Sp0_100uM
2	2	13	7	261 Sp0_100uM
1	1	13	7	261 Sp0_100uM
1	2	13	7	261 Sp0_100uM
8	1	12	7	261 Sp0_100uM
8	2	12	7	261 Sp0_100uM
7	1	12	7	261 Sp8_100uM
7	2	12	7	261 Sp8_100uM
6	1	12	7	261 Sp8_100uM
6	2	12	7	261 Sp8_100uM
5	1	12	7	261 Sp8_100uM
5	2	12	7	261 Sp8_100uM
2	3	13	7	261 Sp0_10uM
2	4	13	7	261 Sp0_10uM
1	3	13	7	261 Sp0_10uM
1	4	13	7	261 Sp0_10uM
8	3	12	7	261 Sp0_10uM
8	4	12	7	261 Sp0_10uM
7	3	12	7	261 Sp8_10uM
7	4	12	7	261 Sp8_10uM
6	3	12	7	261 Sp8_10uM
6	4	12	7	261 Sp8_10uM
5	3	12	7	261 Sp8_10uM
5	4	12	7	261 Sp8_10uM
2	1	10	7	263 Sp8_100uM
2	2	10	7	263 Sp8_100uM
1	1	10	7	263 Sp8_100uM
1	2	10	7	263 Sp8_100uM
8	1	9	7	263 Sp8_100uM
8	2	9	7	263 Sp8_100uM
7	1	9	7	264 Sp0_100uM
7	2	9	7	264 Sp0_100uM
6	1	9	7	264 Sp0_100uM
6	2	9	7	264 Sp0_100uM
5	1	9	7	264 Sp0_100uM
5	2	9	7	264 Sp0_100uM
2	3	10	7	263 Sp8_10uM
2	4	10	7	263 Sp8_10uM
1	3	10	7	263 Sp8_10uM
1	4	10	7	263 Sp8_10uM
8	3	9	7	263 Sp8_10uM
8	4	9	7	263 Sp8_10uM
7	3	9	7	264 Sp0_10uM
7	4	9	7	264 Sp0_10uM
6	3	9	7	264 Sp0_10uM
6	4	9	7	264 Sp0_10uM
5	3	9	7	264 Sp0_10uM
5	4	9	7	264 Sp0_10uM
2	1	7	7	267 Sp8_100uM
2	2	7	7	267 Sp8_100uM
1	1	7	7	267 Sp8_100uM
1	2	7	7	267 Sp8_100uM
8	1	6	7	267 Sp8_100uM
8	2	6	7	267 Sp8_100uM
7	1	6	7	268 Sp0_100uM
7	2	6	7	268 Sp0_100uM
6	1	6	7	268 Sp0_100uM
6	2	6	7	268 Sp0_100uM
5	1	6	7	268 Sp0_100uM
5	2	6	7	268 Sp0_100uM
2	3	7	7	267 Sp8_10uM
2	4	7	7	267 Sp8_10uM
1	3	7	7	267 Sp8_10uM
1	4	7	7	267 Sp8_10uM
8	3	6	7	267 Sp8_10uM
8	4	6	7	267 Sp8_10uM
7	3	6	7	268 Sp0_10uM
7	4	6	7	268 Sp0_10uM
6	3	6	7	268 Sp0_10uM
6	4	6	7	268 Sp0_10uM
5	3	6	7	268 Sp0_10uM
5	4	6	7	268 Sp0_10uM
4	1	15	7	9 Sp8_100uM-P35
4	2	15	7	9 Sp8_100uM-P35
3	1	15	7	9 Sp8_100uM-P35
3	2	15	7	9 Sp8_100uM-P35
2	1	15	7	9 Sp8_100uM-P35
2	2	15	7	9 Sp8_100uM-P35
1	1	15	7	268 Sp8_100uM
1	2	15	7	268 Sp8_100uM
8	1	14	7	268 Sp8_100uM
8	2	14	7	268 Sp8_100uM
7	1	14	7	268 Sp8_100uM
7	2	14	7	268 Sp8_100uM
4	3	15	7	9 Sp8_10uM-P35
4	4	15	7	9 Sp8_10uM-P35
3	3	15	7	9 Sp8_10uM-P35
3	4	15	7	9 Sp8_10uM-P35
2	3	15	7	9 Sp8_10uM-P35
2	4	15	7	9 Sp8_10uM-P35
1	3	15	7	268 Sp8_10uM
1	4	15	7	268 Sp8_10uM
8	3	14	7	268 Sp8_10uM
8	4	14	7	268 Sp8_10uM
7	3	14	7	268 Sp8_10uM
7	4	14	7	268 Sp8_10uM
4	1	12	7	269 Sp0_100uM
4	2	12	7	269 Sp0_100uM
3	1	12	7	269 Sp0_100uM
3	2	12	7	269 Sp0_100uM
2	1	12	7	269 Sp0_100uM
2	2	12	7	269 Sp0_100uM
1	1	12	7	270 Sp0_100uM
1	2	12	7	270 Sp0_100uM
8	1	11	7	270 Sp0_100uM
8	2	11	7	270 Sp0_100uM
7	1	11	7	270 Sp0_100uM
7	2	11	7	270 Sp0_100uM
4	3	12	7	269 Sp0_10uM
4	4	12	7	269 Sp0_10uM
3	3	12	7	269 Sp0_10uM
3	4	12	7	269 Sp0_10uM
2	3	12	7	269 Sp0_10uM
2	4	12	7	269 Sp0_10uM
1	3	12	7	270 Sp0_10uM
1	4	12	7	270 Sp0_10uM
8	3	11	7	270 Sp0_10uM
8	4	11	7	270 Sp0_10uM
7	3	11	7	270 Sp0_10uM
7	4	11	7	270 Sp0_10uM
4	1	9	7	271 Sp0_100uM
4	2	9	7	271 Sp0_100uM
3	1	9	7	271 Sp0_100uM
3	2	9	7	271 Sp0_100uM
2	1	9	7	271 Sp0_100uM
2	2	9	7	271 Sp0_100uM
1	1	9	7	271 Sp8_100uM
1	2	9	7	271 Sp8_100uM
8	1	8	7	271 Sp8_100uM
8	2	8	7	271 Sp8_100uM
7	1	8	7	271 Sp8_100uM
7	2	8	7	271 Sp8_100uM
4	3	9	7	271 Sp0_10uM
4	4	9	7	271 Sp0_10uM
3	3	9	7	271 Sp0_10uM
3	4	9	7	271 Sp0_10uM
2	3	9	7	271 Sp0_10uM
2	4	9	7	271 Sp0_10uM
1	3	9	7	271 Sp8_10uM
1	4	9	7	271 Sp8_10uM
8	3	8	7	271 Sp8_10uM
8	4	8	7	271 Sp8_10uM
7	3	8	7	271 Sp8_10uM
7	4	8	7	271 Sp8_10uM
4	1	6	7	272 Sp8_100uM
4	2	6	7	272 Sp8_100uM
3	1	6	7	272 Sp8_100uM
3	2	6	7	272 Sp8_100uM
2	1	6	7	272 Sp8_100uM
2	2	6	7	272 Sp8_100uM
1	1	6	7	273 Sp8_100uM
1	2	6	7	273 Sp8_100uM
8	1	5	7	273 Sp8_100uM
8	2	5	7	273 Sp8_100uM
7	1	5	7	273 Sp8_100uM
7	2	5	7	273 Sp8_100uM
4	3	6	7	272 Sp8_10uM
4	4	6	7	272 Sp8_10uM
3	3	6	7	272 Sp8_10uM
3	4	6	7	272 Sp8_10uM
2	3	6	7	272 Sp8_10uM
2	4	6	7	272 Sp8_10uM
1	3	6	7	273 Sp8_10uM
1	4	6	7	273 Sp8_10uM
8	3	5	7	273 Sp8_10uM
8	4	5	7	273 Sp8_10uM
7	3	5	7	273 Sp8_10uM
7	4	5	7	273 Sp8_10uM
6	1	14	7	9 Sp8_100uM-P36
6	2	14	7	9 Sp8_100uM-P36
5	1	14	7	9 Sp8_100uM-P36
5	2	14	7	9 Sp8_100uM-P36
4	1	14	7	9 Sp8_100uM-P36
4	2	14	7	9 Sp8_100uM-P36
3	1	14	7	274 Sp0_100uM
3	2	14	7	274 Sp0_100uM
2	1	14	7	274 Sp0_100uM
2	2	14	7	274 Sp0_100uM
1	1	14	7	274 Sp0_100uM
1	2	14	7	274 Sp0_100uM
6	3	14	7	9 Sp8_10uM-P36
6	4	14	7	9 Sp8_10uM-P36
5	3	14	7	9 Sp8_10uM-P36
5	4	14	7	9 Sp8_10uM-P36
4	3	14	7	9 Sp8_10uM-P36
4	4	14	7	9 Sp8_10uM-P36
3	3	14	7	274 Sp0_10uM
3	4	14	7	274 Sp0_10uM
2	3	14	7	274 Sp0_10uM
2	4	14	7	274 Sp0_10uM
1	3	14	7	274 Sp0_10uM
1	4	14	7	274 Sp0_10uM
6	1	11	7	277 Sp8_100uM
6	2	11	7	277 Sp8_100uM
5	1	11	7	277 Sp8_100uM
5	2	11	7	277 Sp8_100uM
4	1	11	7	277 Sp8_100uM
4	2	11	7	277 Sp8_100uM
3	1	11	7	278 Sp8_100uM
3	2	11	7	278 Sp8_100uM
2	1	11	7	278 Sp8_100uM
2	2	11	7	278 Sp8_100uM
1	1	11	7	278 Sp8_100uM
1	2	11	7	278 Sp8_100uM
6	3	11	7	277 Sp8_10uM
6	4	11	7	277 Sp8_10uM
5	3	11	7	277 Sp8_10uM
5	4	11	7	277 Sp8_10uM
4	3	11	7	277 Sp8_10uM
4	4	11	7	277 Sp8_10uM
3	3	11	7	278 Sp8_10uM
3	4	11	7	278 Sp8_10uM
2	3	11	7	278 Sp8_10uM
2	4	11	7	278 Sp8_10uM
1	3	11	7	278 Sp8_10uM
1	4	11	7	278 Sp8_10uM
6	1	8	7	280 Sp0_100uM
6	2	8	7	280 Sp0_100uM
5	1	8	7	280 Sp0_100uM
5	2	8	7	280 Sp0_100uM
4	1	8	7	280 Sp0_100uM
4	2	8	7	280 Sp0_100uM
3	1	8	7	281 Sp0_100uM
3	2	8	7	281 Sp0_100uM
2	1	8	7	281 Sp0_100uM
2	2	8	7	281 Sp0_100uM
1	1	8	7	281 Sp0_100uM
1	2	8	7	281 Sp0_100uM
6	3	8	7	280 Sp0_10uM
6	4	8	7	280 Sp0_10uM
5	3	8	7	280 Sp0_10uM
5	4	8	7	280 Sp0_10uM
4	3	8	7	280 Sp0_10uM
4	4	8	7	280 Sp0_10uM
3	3	8	7	281 Sp0_10uM
3	4	8	7	281 Sp0_10uM
2	3	8	7	281 Sp0_10uM
2	4	8	7	281 Sp0_10uM
1	3	8	7	281 Sp0_10uM
1	4	8	7	281 Sp0_10uM
6	1	5	7	282 Sp0_100uM
6	2	5	7	282 Sp0_100uM
5	1	5	7	282 Sp0_100uM
5	2	5	7	282 Sp0_100uM
4	1	5	7	282 Sp0_100uM
4	2	5	7	282 Sp0_100uM
3	1	5	7	283 Sp0_100uM
3	2	5	7	283 Sp0_100uM
2	1	5	7	283 Sp0_100uM
2	2	5	7	283 Sp0_100uM
1	1	5	7	283 Sp0_100uM
1	2	5	7	283 Sp0_100uM
6	3	5	7	282 Sp0_10uM
6	4	5	7	282 Sp0_10uM
5	3	5	7	282 Sp0_10uM
5	4	5	7	282 Sp0_10uM
4	3	5	7	282 Sp0_10uM
4	4	5	7	282 Sp0_10uM
3	3	5	7	283 Sp0_10uM
3	4	5	7	283 Sp0_10uM
2	3	5	7	283 Sp0_10uM
2	4	5	7	283 Sp0_10uM
1	3	5	7	283 Sp0_10uM
1	4	5	7	283 Sp0_10uM
8	1	4	7	9 Sp8_100uM-P37
8	2	4	7	9 Sp8_100uM-P37
7	1	4	7	9 Sp8_100uM-P37
7	2	4	7	9 Sp8_100uM-P37
6	1	4	7	9 Sp8_100uM-P37
6	2	4	7	9 Sp8_100uM-P37
5	1	4	7	284 Sp0_100uM
5	2	4	7	284 Sp0_100uM
4	1	4	7	284 Sp0_100uM
4	2	4	7	284 Sp0_100uM
3	1	4	7	284 Sp0_100uM
3	2	4	7	284 Sp0_100uM
8	3	4	7	9 Sp8_10uM-P37
8	4	4	7	9 Sp8_10uM-P37
7	3	4	7	9 Sp8_10uM-P37
7	4	4	7	9 Sp8_10uM-P37
6	3	4	7	9 Sp8_10uM-P37
6	4	4	7	9 Sp8_10uM-P37
5	3	4	7	284 Sp0_10uM
5	4	4	7	284 Sp0_10uM
4	3	4	7	284 Sp0_10uM
4	4	4	7	284 Sp0_10uM
3	3	4	7	284 Sp0_10uM
3	4	4	7	284 Sp0_10uM
8	1	1	7	285 Sp0_100uM
8	2	1	7	285 Sp0_100uM
7	1	1	7	285 Sp0_100uM
7	2	1	7	285 Sp0_100uM
6	1	1	7	285 Sp0_100uM
6	2	1	7	285 Sp0_100uM
5	1	1	7	286 Sp0_100uM
5	2	1	7	286 Sp0_100uM
4	1	1	7	286 Sp0_100uM
4	2	1	7	286 Sp0_100uM
3	1	1	7	286 Sp0_100uM
3	2	1	7	286 Sp0_100uM
8	3	1	7	285 Sp0_10uM
8	4	1	7	285 Sp0_10uM
7	3	1	7	285 Sp0_10uM
7	4	1	7	285 Sp0_10uM
6	3	1	7	285 Sp0_10uM
6	4	1	7	285 Sp0_10uM
5	3	1	7	286 Sp0_10uM
5	4	1	7	286 Sp0_10uM
4	3	1	7	286 Sp0_10uM
4	4	1	7	286 Sp0_10uM
3	3	1	7	286 Sp0_10uM
3	4	1	7	286 Sp0_10uM
8	1	14	8	287 Sp8_100uM
8	2	14	8	287 Sp8_100uM
7	1	14	8	287 Sp8_100uM
7	2	14	8	287 Sp8_100uM
6	1	14	8	287 Sp8_100uM
6	2	14	8	287 Sp8_100uM
5	1	14	8	13 Sp12_100uM
5	2	14	8	13 Sp12_100uM
4	1	14	8	13 Sp12_100uM
4	2	14	8	13 Sp12_100uM
3	1	14	8	13 Sp12_100uM
3	2	14	8	13 Sp12_100uM
8	3	14	8	287 Sp8_10uM
8	4	14	8	287 Sp8_10uM
7	3	14	8	287 Sp8_10uM
7	4	14	8	287 Sp8_10uM
6	3	14	8	287 Sp8_10uM
6	4	14	8	287 Sp8_10uM
5	3	14	8	13 Sp12_10uM
5	4	14	8	13 Sp12_10uM
4	3	14	8	13 Sp12_10uM
4	4	14	8	13 Sp12_10uM
3	3	14	8	13 Sp12_10uM
3	4	14	8	13 Sp12_10uM
8	1	11	8	17 Sp8_100uM
8	2	11	8	17 Sp8_100uM
7	1	11	8	17 Sp8_100uM
7	2	11	8	17 Sp8_100uM
6	1	11	8	17 Sp8_100uM
6	2	11	8	17 Sp8_100uM
5	1	11	8	21 Sp8_100uM
5	2	11	8	21 Sp8_100uM
4	1	11	8	21 Sp8_100uM
4	2	11	8	21 Sp8_100uM
3	1	11	8	21 Sp8_100uM
3	2	11	8	21 Sp8_100uM
8	3	11	8	17 Sp8_10uM
8	4	11	8	17 Sp8_10uM
7	3	11	8	17 Sp8_10uM
7	4	11	8	17 Sp8_10uM
6	3	11	8	17 Sp8_10uM
6	4	11	8	17 Sp8_10uM
5	3	11	8	21 Sp8_10uM
5	4	11	8	21 Sp8_10uM
4	3	11	8	21 Sp8_10uM
4	4	11	8	21 Sp8_10uM
3	3	11	8	21 Sp8_10uM
3	4	11	8	21 Sp8_10uM
2	1	4	7	9 Sp8_100uM-P38
2	2	4	7	9 Sp8_100uM-P38
1	1	4	7	9 Sp8_100uM-P38
1	2	4	7	9 Sp8_100uM-P38
8	1	3	7	9 Sp8_100uM-P38
8	2	3	7	9 Sp8_100uM-P38
7	1	3	7	58 Sp11_100uM
7	2	3	7	58 Sp11_100uM
6	1	3	7	58 Sp11_100uM
6	2	3	7	58 Sp11_100uM
5	1	3	7	58 Sp11_100uM
5	2	3	7	58 Sp11_100uM
2	3	4	7	9 Sp8_10uM-P38
2	4	4	7	9 Sp8_10uM-P38
1	3	4	7	9 Sp8_10uM-P38
1	4	4	7	9 Sp8_10uM-P38
8	3	3	7	9 Sp8_10uM-P38
8	4	3	7	9 Sp8_10uM-P38
7	3	3	7	58 Sp11_10uM
7	4	3	7	58 Sp11_10uM
6	3	3	7	58 Sp11_10uM
6	4	3	7	58 Sp11_10uM
5	3	3	7	58 Sp11_10uM
5	4	3	7	58 Sp11_10uM
2	1	1	7	72 Sp8_100uM
2	2	1	7	72 Sp8_100uM
1	1	1	7	72 Sp8_100uM
1	2	1	7	72 Sp8_100uM
8	1	16	8	bio
8	2	16	8	bio
7	1	16	8	bio
7	2	16	8	bio
6	1	16	8	bio
6	2	16	8	bio
5	1	16	8	bio
5	2	16	8	bio
2	3	1	7	72 Sp8_10uM
2	4	1	7	72 Sp8_10uM
1	3	1	7	72 Sp8_10uM
1	4	1	7	72 Sp8_10uM
8	3	16	8	bio
8	4	16	8	bio
7	3	16	8	bio
7	4	16	8	bio
6	3	16	8	bio
6	4	16	8	bio
5	3	16	8	bio
5	4	16	8	bio
2	1	14	8	116 Sp8_100uM
2	2	14	8	116 Sp8_100uM
1	1	14	8	116 Sp8_100uM
1	2	14	8	116 Sp8_100uM
8	1	13	8	116 Sp8_100uM
8	2	13	8	116 Sp8_100uM
7	1	13	8	150 Sp8_100uM
7	2	13	8	150 Sp8_100uM
6	1	13	8	150 Sp8_100uM
6	2	13	8	150 Sp8_100uM
5	1	13	8	150 Sp8_100uM
5	2	13	8	150 Sp8_100uM
2	3	14	8	116 Sp8_10uM
2	4	14	8	116 Sp8_10uM
1	3	14	8	116 Sp8_10uM
1	4	14	8	116 Sp8_10uM
8	3	13	8	116 Sp8_10uM
8	4	13	8	116 Sp8_10uM
7	3	13	8	150 Sp8_10uM
7	4	13	8	150 Sp8_10uM
6	3	13	8	150 Sp8_10uM
6	4	13	8	150 Sp8_10uM
5	3	13	8	150 Sp8_10uM
5	4	13	8	150 Sp8_10uM
2	1	11	8	162 Sp8_100uM
2	2	11	8	162 Sp8_100uM
1	1	11	8	162 Sp8_100uM
1	2	11	8	162 Sp8_100uM
8	1	10	8	162 Sp8_100uM
8	2	10	8	162 Sp8_100uM
7	1	10	8	175 Sp8_100uM
7	2	10	8	175 Sp8_100uM
6	1	10	8	175 Sp8_100uM
6	2	10	8	175 Sp8_100uM
5	1	10	8	175 Sp8_100uM
5	2	10	8	175 Sp8_100uM
2	3	11	8	162 Sp8_10uM
2	4	11	8	162 Sp8_10uM
1	3	11	8	162 Sp8_10uM
1	4	11	8	162 Sp8_10uM
8	3	10	8	162 Sp8_10uM
8	4	10	8	162 Sp8_10uM
7	3	10	8	175 Sp8_10uM
7	4	10	8	175 Sp8_10uM
6	3	10	8	175 Sp8_10uM
6	4	10	8	175 Sp8_10uM
5	3	10	8	175 Sp8_10uM
5	4	10	8	175 Sp8_10uM
4	1	3	7	9 Sp8_100uM-P39
4	2	3	7	9 Sp8_100uM-P39
3	1	3	7	9 Sp8_100uM-P39
3	2	3	7	9 Sp8_100uM-P39
2	1	3	7	9 Sp8_100uM-P39
2	2	3	7	9 Sp8_100uM-P39
1	1	3	7	229 Sp8_100uM
1	2	3	7	229 Sp8_100uM
8	1	2	7	229 Sp8_100uM
8	2	2	7	229 Sp8_100uM
7	1	2	7	229 Sp8_100uM
7	2	2	7	229 Sp8_100uM
4	3	3	7	9 Sp8_10uM-P39
4	4	3	7	9 Sp8_10uM-P39
3	3	3	7	9 Sp8_10uM-P39
3	4	3	7	9 Sp8_10uM-P39
2	3	3	7	9 Sp8_10uM-P39
2	4	3	7	9 Sp8_10uM-P39
1	3	3	7	229 Sp8_10uM
1	4	3	7	229 Sp8_10uM
8	3	2	7	229 Sp8_10uM
8	4	2	7	229 Sp8_10uM
7	3	2	7	229 Sp8_10uM
7	4	2	7	229 Sp8_10uM
4	1	16	8	bio
4	2	16	8	bio
3	1	16	8	bio
3	2	16	8	bio
2	1	16	8	bio
2	2	16	8	bio
1	1	16	8	bio
1	2	16	8	bio
8	1	15	8	72 Sp8_100uM
8	2	15	8	72 Sp8_100uM
7	1	15	8	6_05mg
7	2	15	8	6_05mg
4	3	16	8	bio
4	4	16	8	bio
3	3	16	8	bio
3	4	16	8	bio
2	3	16	8	bio
2	4	16	8	bio
1	3	16	8	bio
1	4	16	8	bio
8	3	15	8	72 Sp8_10uM
8	4	15	8	72 Sp8_10uM
7	3	15	8	6_005mg
7	4	15	8	6_005mg
4	1	13	8	262 Sp8_100uM
4	2	13	8	262 Sp8_100uM
3	1	13	8	262 Sp8_100uM
3	2	13	8	262 Sp8_100uM
2	1	13	8	262 Sp8_100uM
2	2	13	8	262 Sp8_100uM
1	1	13	8	279 Sp8_100uM
1	2	13	8	279 Sp8_100uM
8	1	12	8	279 Sp8_100uM
8	2	12	8	279 Sp8_100uM
7	1	12	8	279 Sp8_100uM
7	2	12	8	279 Sp8_100uM
4	3	13	8	262 Sp8_10uM
4	4	13	8	262 Sp8_10uM
3	3	13	8	262 Sp8_10uM
3	4	13	8	262 Sp8_10uM
2	3	13	8	262 Sp8_10uM
2	4	13	8	262 Sp8_10uM
1	3	13	8	279 Sp8_10uM
1	4	13	8	279 Sp8_10uM
8	3	12	8	279 Sp8_10uM
8	4	12	8	279 Sp8_10uM
7	3	12	8	279 Sp8_10uM
7	4	12	8	279 Sp8_10uM
4	1	10	8	0
4	2	10	8	0
3	1	10	8	0
3	2	10	8	0
2	1	10	8	0
2	2	10	8	0
1	1	10	8	0
1	2	10	8	0
8	1	9	8	0
8	2	9	8	0
7	1	9	8	0
7	2	9	8	0
4	3	10	8	0
4	4	10	8	0
3	3	10	8	0
3	4	10	8	0
2	3	10	8	0
2	4	10	8	0
1	3	10	8	0
1	4	10	8	0
8	3	9	8	0
8	4	9	8	0
7	3	9	8	0
7	4	9	8	0
6	1	2	7	0
6	2	2	7	0
5	1	2	7	0
5	2	2	7	0
4	1	2	7	0
4	2	2	7	0
3	1	2	7	0
3	2	2	7	0
2	1	2	7	11
2	2	2	7	12
1	1	2	7	0
1	2	2	7	0
6	3	2	7	0
6	4	2	7	0
5	3	2	7	0
5	4	2	7	0
4	3	2	7	0
4	4	2	7	0
3	3	2	7	0
3	4	2	7	0
2	3	2	7	0
2	4	2	7	0
1	3	2	7	0
1	4	2	7	0
6	1	15	8	0
6	2	15	8	0
5	1	15	8	11
5	2	15	8	12
4	1	15	8	0
4	2	15	8	0
3	1	15	8	0
3	2	15	8	0
2	1	15	8	0
2	2	15	8	0
1	1	15	8	0
1	2	15	8	0
6	3	15	8	0
6	4	15	8	0
5	3	15	8	0
5	4	15	8	0
4	3	15	8	0
4	4	15	8	0
3	3	15	8	0
3	4	15	8	0
2	3	15	8	0
2	4	15	8	0
1	3	15	8	0
1	4	15	8	0
6	1	12	8	0
6	2	12	8	0
5	1	12	8	0
5	2	12	8	0
4	1	12	8	0
4	2	12	8	0
3	1	12	8	0
3	2	12	8	0
2	1	12	8	0
2	2	12	8	0
1	1	12	8	0
1	2	12	8	0
6	3	12	8	0
6	4	12	8	0
5	3	12	8	0
5	4	12	8	0
4	3	12	8	0
4	4	12	8	0
3	3	12	8	0
3	4	12	8	0
2	3	12	8	0
2	4	12	8	0
1	3	12	8	0
1	4	12	8	0
6	1	9	8	0
6	2	9	8	0
5	1	9	8	0
5	2	9	8	0
4	1	9	8	0
4	2	9	8	0
3	1	9	8	0
3	2	9	8	0
2	1	9	8	0
2	2	9	8	0
1	1	9	8	0
1	2	9	8	0
6	3	9	8	0
6	4	9	8	0
5	3	9	8	0
5	4	9	8	0
4	3	9	8	0
4	4	9	8	0
3	3	9	8	0
3	4	9	8	0
2	3	9	8	0
2	4	9	8	0
1	3	9	8	0
1	4	9	8	0
8	1	8	8	0
8	2	8	8	0
7	1	8	8	0
7	2	8	8	0
6	1	8	8	0
6	2	8	8	0
5	1	8	8	0
5	2	8	8	0
4	1	8	8	0
4	2	8	8	0
3	1	8	8	0
3	2	8	8	0
8	3	8	8	0
8	4	8	8	0
7	3	8	8	0
7	4	8	8	0
6	3	8	8	0
6	4	8	8	0
5	3	8	8	0
5	4	8	8	0
4	3	8	8	0
4	4	8	8	0
3	3	8	8	0
3	4	8	8	0
8	1	5	8	0
8	2	5	8	0
7	1	5	8	0
7	2	5	8	0
6	1	5	8	0
6	2	5	8	0
5	1	5	8	0
5	2	5	8	0
4	1	5	8	0
4	2	5	8	0
3	1	5	8	0
3	2	5	8	0
8	3	5	8	0
8	4	5	8	0
7	3	5	8	0
7	4	5	8	0
6	3	5	8	0
6	4	5	8	0
5	3	5	8	0
5	4	5	8	0
4	3	5	8	0
4	4	5	8	0
3	3	5	8	0
3	4	5	8	0
8	1	2	8	0
8	2	2	8	0
7	1	2	8	0
7	2	2	8	0
6	1	2	8	0
6	2	2	8	0
5	1	2	8	0
5	2	2	8	0
4	1	2	8	0
4	2	2	8	0
3	1	2	8	0
3	2	2	8	0
8	3	2	8	0
8	4	2	8	0
7	3	2	8	0
7	4	2	8	0
6	3	2	8	0
6	4	2	8	0
5	3	2	8	0
5	4	2	8	0
4	3	2	8	0
4	4	2	8	0
3	3	2	8	0
3	4	2	8	0
2	1	8	8	0
2	2	8	8	0
1	1	8	8	0
1	2	8	8	0
8	1	7	8	0
8	2	7	8	0
7	1	7	8	0
7	2	7	8	0
6	1	7	8	0
6	2	7	8	0
5	1	7	8	0
5	2	7	8	0
2	3	8	8	0
2	4	8	8	0
1	3	8	8	0
1	4	8	8	0
8	3	7	8	0
8	4	7	8	0
7	3	7	8	0
7	4	7	8	0
6	3	7	8	0
6	4	7	8	0
5	3	7	8	0
5	4	7	8	0
2	1	5	8	0
2	2	5	8	0
1	1	5	8	0
1	2	5	8	0
8	1	4	8	0
8	2	4	8	0
7	1	4	8	0
7	2	4	8	0
6	1	4	8	0
6	2	4	8	0
5	1	4	8	0
5	2	4	8	0
2	3	5	8	0
2	4	5	8	0
1	3	5	8	0
1	4	5	8	0
8	3	4	8	0
8	4	4	8	0
7	3	4	8	0
7	4	4	8	0
6	3	4	8	0
6	4	4	8	0
5	3	4	8	0
5	4	4	8	0
2	1	2	8	0
2	2	2	8	0
1	1	2	8	0
1	2	2	8	0
8	1	1	8	0
8	2	1	8	0
7	1	1	8	0
7	2	1	8	0
6	1	1	8	0
6	2	1	8	0
5	1	1	8	0
5	2	1	8	0
2	3	2	8	0
2	4	2	8	0
1	3	2	8	0
1	4	2	8	0
8	3	1	8	0
8	4	1	8	0
7	3	1	8	0
7	4	1	8	0
6	3	1	8	0
6	4	1	8	0
5	3	1	8	0
5	4	1	8	0
4	1	7	8	0
4	2	7	8	0
3	1	7	8	0
3	2	7	8	0
2	1	7	8	0
2	2	7	8	0
1	1	7	8	0
1	2	7	8	0
8	1	6	8	0
8	2	6	8	0
7	1	6	8	0
7	2	6	8	0
4	3	7	8	0
4	4	7	8	0
3	3	7	8	0
3	4	7	8	0
2	3	7	8	0
2	4	7	8	0
1	3	7	8	0
1	4	7	8	0
8	3	6	8	0
8	4	6	8	0
7	3	6	8	0
7	4	6	8	0
4	1	4	8	0
4	2	4	8	0
3	1	4	8	0
3	2	4	8	0
2	1	4	8	0
2	2	4	8	0
1	1	4	8	0
1	2	4	8	0
8	1	3	8	0
8	2	3	8	0
7	1	3	8	0
7	2	3	8	0
4	3	4	8	0
4	4	4	8	0
3	3	4	8	0
3	4	4	8	0
2	3	4	8	0
2	4	4	8	0
1	3	4	8	0
1	4	4	8	0
8	3	3	8	0
8	4	3	8	0
7	3	3	8	0
7	4	3	8	0
4	1	1	8	0
4	2	1	8	0
3	1	1	8	0
3	2	1	8	0
2	1	1	8	0
2	2	1	8	0
1	1	1	8	0
1	2	1	8	0
4	3	1	8	0
4	4	1	8	0
3	3	1	8	0
3	4	1	8	0
2	3	1	8	0
2	4	1	8	0
1	3	1	8	0
1	4	1	8	0
6	1	6	8	0
6	2	6	8	0
5	1	6	8	0
5	2	6	8	0
4	1	6	8	0
4	2	6	8	0
3	1	6	8	0
3	2	6	8	0
2	1	6	8	0
2	2	6	8	0
1	1	6	8	0
1	2	6	8	0
6	3	6	8	0
6	4	6	8	0
5	3	6	8	0
5	4	6	8	0
4	3	6	8	0
4	4	6	8	0
3	3	6	8	0
3	4	6	8	0
2	3	6	8	0
2	4	6	8	0
1	3	6	8	0
1	4	6	8	0
6	1	3	8	0
6	2	3	8	0
5	1	3	8	0
5	2	3	8	0
4	1	3	8	0
4	2	3	8	0
3	1	3	8	0
3	2	3	8	0
2	1	3	8	0
2	2	3	8	0
1	1	3	8	0
1	2	3	8	0
6	3	3	8	0
6	4	3	8	0
5	3	3	8	0
5	4	3	8	0
4	3	3	8	0
4	4	3	8	0
3	3	3	8	0
3	4	3	8	0
2	3	3	8	0
2	4	3	8	0
1	3	3	8	0
1	4	3	8	0
