1	1	1	1	261Sp0 100uM
1	1	1	2	112Sp8 100uM
1	1	1	3	0
1	1	1	4	261Sp0 100uM
1	1	1	5	112Sp8 100uM
1	1	1	6	0
1	1	1	7	261Sp0 100uM
1	1	1	8	112Sp8 100uM
1	1	1	9	0
1	1	2	1	0
1	1	2	2	60Sp0 100uM
1	1	2	3	344Sp12 100uM
1	1	2	4	0
1	1	2	5	60Sp0 100uM
1	1	2	6	344Sp12 100uM
1	1	2	7	0
1	1	2	8	60Sp0 100uM
1	1	2	9	344Sp12 100uM
1	1	3	1	308Sp18 100uM
1	1	3	2	154Sp8 100uM
1	1	3	3	287Sp8 100uM
1	1	3	4	308Sp18 100uM
1	1	3	5	154Sp8 100uM
1	1	3	6	287Sp8 100uM
1	1	3	7	308Sp18 100uM
1	1	3	8	154Sp8 100uM
1	1	3	9	287Sp8 100uM
1	1	4	1	251Sp8 100uM
1	1	4	2	101Sp8 100uM
1	1	4	3	0
1	1	4	4	251Sp8 100uM
1	1	4	5	101Sp8 100uM
1	1	4	6	0
1	1	4	7	251Sp8 100uM
1	1	4	8	101Sp8 100uM
1	1	4	9	0
1	1	5	1	180Sp8 100uM
1	1	5	2	49G 100uM
1	1	5	3	332Sp9 100uM
1	1	5	4	180Sp8 100uM
1	1	5	5	49G 100uM
1	1	5	6	332Sp9 100uM
1	1	5	7	180Sp8 100uM
1	1	5	8	49G 100uM
1	1	5	9	332Sp9 100uM
1	1	6	1	127Sp8 100uM
1	1	6	2	142Sp8 100uM
1	1	6	3	273Sp8 100uM
1	1	6	4	127Sp8 100uM
1	1	6	5	142Sp8 100uM
1	1	6	6	273Sp8 100uM
1	1	6	7	127Sp8 100uM
1	1	6	8	142Sp8 100uM
1	1	6	9	273Sp8 100uM
1	1	7	1	70Sp8 100uM
1	1	7	2	87Sp0 100uM
1	1	7	3	0
1	1	7	4	70Sp8 100uM
1	1	7	5	87Sp0 100uM
1	1	7	6	0
1	1	7	7	70Sp8 100uM
1	1	7	8	87Sp0 100uM
1	1	7	9	0
1	1	8	1	166Sp0 100uM
1	1	8	2	bio
1	1	8	3	320Sp8 100uM
1	1	8	4	166Sp0 100uM
1	1	8	5	bio
1	1	8	6	320Sp8 100uM
1	1	8	7	166Sp0 100uM
1	1	8	8	bio
1	1	8	9	320Sp8 100uM
1	1	9	1	112Sp8 100uM
1	1	9	2	0
1	1	9	3	261Sp0 100uM
1	1	9	4	112Sp8 100uM
1	1	9	5	0
1	1	9	6	261Sp0 100uM
1	1	9	7	112Sp8 100uM
1	1	9	8	0
1	1	9	9	261Sp0 100uM
1	1	10	1	60Sp0 100uM
1	1	10	2	344Sp12 100uM
1	1	10	3	0
1	1	10	4	60Sp0 100uM
1	1	10	5	344Sp12 100uM
1	1	10	6	0
1	1	10	7	60Sp0 100uM
1	1	10	8	344Sp12 100uM
1	1	10	9	0
1	1	11	1	154Sp8 100uM
1	1	11	2	287Sp8 100uM
1	1	11	3	308Sp18 100uM
1	1	11	4	154Sp8 100uM
1	1	11	5	287Sp8 100uM
1	1	11	6	308Sp18 100uM
1	1	11	7	154Sp8 100uM
1	1	11	8	287Sp8 100uM
1	1	11	9	308Sp18 100uM
1	1	12	1	101Sp8 100uM
1	1	12	2	0
1	1	12	3	251Sp8 100uM
1	1	12	4	101Sp8 100uM
1	1	12	5	0
1	1	12	6	251Sp8 100uM
1	1	12	7	101Sp8 100uM
1	1	12	8	0
1	1	12	9	251Sp8 100uM
1	1	13	1	49G 100uM
1	1	13	2	332Sp9 100uM
1	1	13	3	180Sp8 100uM
1	1	13	4	49G 100uM
1	1	13	5	332Sp9 100uM
1	1	13	6	180Sp8 100uM
1	1	13	7	49G 100uM
1	1	13	8	332Sp9 100uM
1	1	13	9	180Sp8 100uM
1	1	14	1	142Sp8 100uM
1	1	14	2	273Sp8 100uM
1	1	14	3	127Sp8 100uM
1	1	14	4	142Sp8 100uM
1	1	14	5	273Sp8 100uM
1	1	14	6	127Sp8 100uM
1	1	14	7	142Sp8 100uM
1	1	14	8	273Sp8 100uM
1	1	14	9	127Sp8 100uM
1	1	15	1	87Sp0 100uM
1	1	15	2	0
1	1	15	3	70Sp8 100uM
1	1	15	4	87Sp0 100uM
1	1	15	5	0
1	1	15	6	70Sp8 100uM
1	1	15	7	87Sp0 100uM
1	1	15	8	0
1	1	15	9	70Sp8 100uM
1	1	16	1	bio
1	1	16	2	320Sp8 100uM
1	1	16	3	166Sp0 100uM
1	1	16	4	bio
1	1	16	5	320Sp8 100uM
1	1	16	6	166Sp0 100uM
1	1	16	7	bio
1	1	16	8	320Sp8 100uM
1	1	16	9	166Sp0 100uM
1	2	1	1	261Sp8 100uM
1	2	1	2	113Sp0 100uM
1	2	1	3	0
1	2	1	4	261Sp8 100uM
1	2	1	5	113Sp0 100uM
1	2	1	6	0
1	2	1	7	261Sp8 100uM
1	2	1	8	113Sp0 100uM
1	2	1	9	0
1	2	2	1	0
1	2	2	2	60Sp8 100uM
1	2	2	3	345Sp12 100uM
1	2	2	4	0
1	2	2	5	60Sp8 100uM
1	2	2	6	345Sp12 100uM
1	2	2	7	0
1	2	2	8	60Sp8 100uM
1	2	2	9	345Sp12 100uM
1	2	3	1	309Sp16 100uM
1	2	3	2	155Sp8 100uM
1	2	3	3	293T 100uM
1	2	3	4	309Sp16 100uM
1	2	3	5	155Sp8 100uM
1	2	3	6	293T 100uM
1	2	3	7	309Sp16 100uM
1	2	3	8	155Sp8 100uM
1	2	3	9	293T 100uM
1	2	4	1	252Sp0 100uM
1	2	4	2	102Sp8 100uM
1	2	4	3	0
1	2	4	4	252Sp0 100uM
1	2	4	5	102Sp8 100uM
1	2	4	6	0
1	2	4	7	252Sp0 100uM
1	2	4	8	102Sp8 100uM
1	2	4	9	0
1	2	5	1	181Sp8 100uM
1	2	5	2	50G 100uM
1	2	5	3	333Sp14 100uM
1	2	5	4	181Sp8 100uM
1	2	5	5	50G 100uM
1	2	5	6	333Sp14 100uM
1	2	5	7	181Sp8 100uM
1	2	5	8	50G 100uM
1	2	5	9	333Sp14 100uM
1	2	6	1	128Sp0 100uM
1	2	6	2	144Sp8 100uM
1	2	6	3	274Sp0 100uM
1	2	6	4	128Sp0 100uM
1	2	6	5	144Sp8 100uM
1	2	6	6	274Sp0 100uM
1	2	6	7	128Sp0 100uM
1	2	6	8	144Sp8 100uM
1	2	6	9	274Sp0 100uM
1	2	7	1	71Sp8 100uM
1	2	7	2	90Sp0 100uM
1	2	7	3	0
1	2	7	4	71Sp8 100uM
1	2	7	5	90Sp0 100uM
1	2	7	6	0
1	2	7	7	71Sp8 100uM
1	2	7	8	90Sp0 100uM
1	2	7	9	0
1	2	8	1	167MDLys 100uM
1	2	8	2	bio
1	2	8	3	321Sp8 100uM
1	2	8	4	167MDLys 100uM
1	2	8	5	bio
1	2	8	6	321Sp8 100uM
1	2	8	7	167MDLys 100uM
1	2	8	8	bio
1	2	8	9	321Sp8 100uM
1	2	9	1	113Sp0 100uM
1	2	9	2	0
1	2	9	3	261Sp8 100uM
1	2	9	4	113Sp0 100uM
1	2	9	5	0
1	2	9	6	261Sp8 100uM
1	2	9	7	113Sp0 100uM
1	2	9	8	0
1	2	9	9	261Sp8 100uM
1	2	10	1	60Sp8 100uM
1	2	10	2	345Sp12 100uM
1	2	10	3	0
1	2	10	4	60Sp8 100uM
1	2	10	5	345Sp12 100uM
1	2	10	6	0
1	2	10	7	60Sp8 100uM
1	2	10	8	345Sp12 100uM
1	2	10	9	0
1	2	11	1	155Sp8 100uM
1	2	11	2	293T 100uM
1	2	11	3	309Sp16 100uM
1	2	11	4	155Sp8 100uM
1	2	11	5	293T 100uM
1	2	11	6	309Sp16 100uM
1	2	11	7	155Sp8 100uM
1	2	11	8	293T 100uM
1	2	11	9	309Sp16 100uM
1	2	12	1	102Sp8 100uM
1	2	12	2	0
1	2	12	3	252Sp0 100uM
1	2	12	4	102Sp8 100uM
1	2	12	5	0
1	2	12	6	252Sp0 100uM
1	2	12	7	102Sp8 100uM
1	2	12	8	0
1	2	12	9	252Sp0 100uM
1	2	13	1	50G 100uM
1	2	13	2	333Sp14 100uM
1	2	13	3	181Sp8 100uM
1	2	13	4	50G 100uM
1	2	13	5	333Sp14 100uM
1	2	13	6	181Sp8 100uM
1	2	13	7	50G 100uM
1	2	13	8	333Sp14 100uM
1	2	13	9	181Sp8 100uM
1	2	14	1	144Sp8 100uM
1	2	14	2	274Sp0 100uM
1	2	14	3	128Sp0 100uM
1	2	14	4	144Sp8 100uM
1	2	14	5	274Sp0 100uM
1	2	14	6	128Sp0 100uM
1	2	14	7	144Sp8 100uM
1	2	14	8	274Sp0 100uM
1	2	14	9	128Sp0 100uM
1	2	15	1	90Sp0 100uM
1	2	15	2	0
1	2	15	3	71Sp8 100uM
1	2	15	4	90Sp0 100uM
1	2	15	5	0
1	2	15	6	71Sp8 100uM
1	2	15	7	90Sp0 100uM
1	2	15	8	0
1	2	15	9	71Sp8 100uM
1	2	16	1	bio
1	2	16	2	321Sp8 100uM
1	2	16	3	167MDLys 100uM
1	2	16	4	bio
1	2	16	5	321Sp8 100uM
1	2	16	6	167MDLys 100uM
1	2	16	7	bio
1	2	16	8	321Sp8 100uM
1	2	16	9	167MDLys 100uM
1	3	1	1	261Sp0 10uM
1	3	1	2	112Sp8 10uM
1	3	1	3	0
1	3	1	4	261Sp0 10uM
1	3	1	5	112Sp8 10uM
1	3	1	6	0
1	3	1	7	261Sp0 10uM
1	3	1	8	112Sp8 10uM
1	3	1	9	0
1	3	2	1	0
1	3	2	2	60Sp0 10uM
1	3	2	3	344Sp12 10uM
1	3	2	4	0
1	3	2	5	60Sp0 10uM
1	3	2	6	344Sp12 10uM
1	3	2	7	0
1	3	2	8	60Sp0 10uM
1	3	2	9	344Sp12 10uM
1	3	3	1	308Sp18 10uM
1	3	3	2	154Sp8 10uM
1	3	3	3	287Sp8 10uM
1	3	3	4	308Sp18 10uM
1	3	3	5	154Sp8 10uM
1	3	3	6	287Sp8 10uM
1	3	3	7	308Sp18 10uM
1	3	3	8	154Sp8 10uM
1	3	3	9	287Sp8 10uM
1	3	4	1	251Sp8 10uM
1	3	4	2	101Sp8 10uM
1	3	4	3	0
1	3	4	4	251Sp8 10uM
1	3	4	5	101Sp8 10uM
1	3	4	6	0
1	3	4	7	251Sp8 10uM
1	3	4	8	101Sp8 10uM
1	3	4	9	0
1	3	5	1	180Sp8 10uM
1	3	5	2	49G 10uM
1	3	5	3	332Sp9 10uM
1	3	5	4	180Sp8 10uM
1	3	5	5	49G 10uM
1	3	5	6	332Sp9 10uM
1	3	5	7	180Sp8 10uM
1	3	5	8	49G 10uM
1	3	5	9	332Sp9 10uM
1	3	6	1	127Sp8 10uM
1	3	6	2	142Sp8 10uM
1	3	6	3	273Sp8 10uM
1	3	6	4	127Sp8 10uM
1	3	6	5	142Sp8 10uM
1	3	6	6	273Sp8 10uM
1	3	6	7	127Sp8 10uM
1	3	6	8	142Sp8 10uM
1	3	6	9	273Sp8 10uM
1	3	7	1	70Sp8 10uM
1	3	7	2	87Sp0 10uM
1	3	7	3	0
1	3	7	4	70Sp8 10uM
1	3	7	5	87Sp0 10uM
1	3	7	6	0
1	3	7	7	70Sp8 10uM
1	3	7	8	87Sp0 10uM
1	3	7	9	0
1	3	8	1	166Sp0 10uM
1	3	8	2	bio
1	3	8	3	320Sp8 10uM
1	3	8	4	166Sp0 10uM
1	3	8	5	bio
1	3	8	6	320Sp8 10uM
1	3	8	7	166Sp0 10uM
1	3	8	8	bio
1	3	8	9	320Sp8 10uM
1	3	9	1	112Sp8 10uM
1	3	9	2	0
1	3	9	3	261Sp0 10uM
1	3	9	4	112Sp8 10uM
1	3	9	5	0
1	3	9	6	261Sp0 10uM
1	3	9	7	112Sp8 10uM
1	3	9	8	0
1	3	9	9	261Sp0 10uM
1	3	10	1	60Sp0 10uM
1	3	10	2	344Sp12 10uM
1	3	10	3	0
1	3	10	4	60Sp0 10uM
1	3	10	5	344Sp12 10uM
1	3	10	6	0
1	3	10	7	60Sp0 10uM
1	3	10	8	344Sp12 10uM
1	3	10	9	0
1	3	11	1	154Sp8 10uM
1	3	11	2	287Sp8 10uM
1	3	11	3	308Sp18 10uM
1	3	11	4	154Sp8 10uM
1	3	11	5	287Sp8 10uM
1	3	11	6	308Sp18 10uM
1	3	11	7	154Sp8 10uM
1	3	11	8	287Sp8 10uM
1	3	11	9	308Sp18 10uM
1	3	12	1	101Sp8 10uM
1	3	12	2	0
1	3	12	3	251Sp8 10uM
1	3	12	4	101Sp8 10uM
1	3	12	5	0
1	3	12	6	251Sp8 10uM
1	3	12	7	101Sp8 10uM
1	3	12	8	0
1	3	12	9	251Sp8 10uM
1	3	13	1	49G 10uM
1	3	13	2	332Sp9 10uM
1	3	13	3	180Sp8 10uM
1	3	13	4	49G 10uM
1	3	13	5	332Sp9 10uM
1	3	13	6	180Sp8 10uM
1	3	13	7	49G 10uM
1	3	13	8	332Sp9 10uM
1	3	13	9	180Sp8 10uM
1	3	14	1	142Sp8 10uM
1	3	14	2	273Sp8 10uM
1	3	14	3	127Sp8 10uM
1	3	14	4	142Sp8 10uM
1	3	14	5	273Sp8 10uM
1	3	14	6	127Sp8 10uM
1	3	14	7	142Sp8 10uM
1	3	14	8	273Sp8 10uM
1	3	14	9	127Sp8 10uM
1	3	15	1	87Sp0 10uM
1	3	15	2	0
1	3	15	3	70Sp8 10uM
1	3	15	4	87Sp0 10uM
1	3	15	5	0
1	3	15	6	70Sp8 10uM
1	3	15	7	87Sp0 10uM
1	3	15	8	0
1	3	15	9	70Sp8 10uM
1	3	16	1	bio
1	3	16	2	320Sp8 10uM
1	3	16	3	166Sp0 10uM
1	3	16	4	bio
1	3	16	5	320Sp8 10uM
1	3	16	6	166Sp0 10uM
1	3	16	7	bio
1	3	16	8	320Sp8 10uM
1	3	16	9	166Sp0 10uM
1	4	1	1	261Sp8 10uM
1	4	1	2	113Sp0 10uM
1	4	1	3	0
1	4	1	4	261Sp8 10uM
1	4	1	5	113Sp0 10uM
1	4	1	6	0
1	4	1	7	261Sp8 10uM
1	4	1	8	113Sp0 10uM
1	4	1	9	0
1	4	2	1	0
1	4	2	2	60Sp8 10uM
1	4	2	3	345Sp12 10uM
1	4	2	4	0
1	4	2	5	60Sp8 10uM
1	4	2	6	345Sp12 10uM
1	4	2	7	0
1	4	2	8	60Sp8 10uM
1	4	2	9	345Sp12 10uM
1	4	3	1	309Sp16 10uM
1	4	3	2	155Sp8 10uM
1	4	3	3	293T 10uM
1	4	3	4	309Sp16 10uM
1	4	3	5	155Sp8 10uM
1	4	3	6	293T 10uM
1	4	3	7	309Sp16 10uM
1	4	3	8	155Sp8 10uM
1	4	3	9	293T 10uM
1	4	4	1	252Sp0 10uM
1	4	4	2	102Sp8 10uM
1	4	4	3	0
1	4	4	4	252Sp0 10uM
1	4	4	5	102Sp8 10uM
1	4	4	6	0
1	4	4	7	252Sp0 10uM
1	4	4	8	102Sp8 10uM
1	4	4	9	0
1	4	5	1	181Sp8 10uM
1	4	5	2	50G 10uM
1	4	5	3	333Sp14 10uM
1	4	5	4	181Sp8 10uM
1	4	5	5	50G 10uM
1	4	5	6	333Sp14 10uM
1	4	5	7	181Sp8 10uM
1	4	5	8	50G 10uM
1	4	5	9	333Sp14 10uM
1	4	6	1	128Sp0 10uM
1	4	6	2	144Sp8 10uM
1	4	6	3	274Sp0 10uM
1	4	6	4	128Sp0 10uM
1	4	6	5	144Sp8 10uM
1	4	6	6	274Sp0 10uM
1	4	6	7	128Sp0 10uM
1	4	6	8	144Sp8 10uM
1	4	6	9	274Sp0 10uM
1	4	7	1	71Sp8 10uM
1	4	7	2	90Sp0 10uM
1	4	7	3	0
1	4	7	4	71Sp8 10uM
1	4	7	5	90Sp0 10uM
1	4	7	6	0
1	4	7	7	71Sp8 10uM
1	4	7	8	90Sp0 10uM
1	4	7	9	0
1	4	8	1	167MDLys 10uM
1	4	8	2	bio
1	4	8	3	321Sp8 10uM
1	4	8	4	167MDLys 10uM
1	4	8	5	bio
1	4	8	6	321Sp8 10uM
1	4	8	7	167MDLys 10uM
1	4	8	8	bio
1	4	8	9	321Sp8 10uM
1	4	9	1	113Sp0 10uM
1	4	9	2	0
1	4	9	3	261Sp8 10uM
1	4	9	4	113Sp0 10uM
1	4	9	5	0
1	4	9	6	261Sp8 10uM
1	4	9	7	113Sp0 10uM
1	4	9	8	0
1	4	9	9	261Sp8 10uM
1	4	10	1	60Sp8 10uM
1	4	10	2	345Sp12 10uM
1	4	10	3	0
1	4	10	4	60Sp8 10uM
1	4	10	5	345Sp12 10uM
1	4	10	6	0
1	4	10	7	60Sp8 10uM
1	4	10	8	345Sp12 10uM
1	4	10	9	0
1	4	11	1	155Sp8 10uM
1	4	11	2	293T 10uM
1	4	11	3	309Sp16 10uM
1	4	11	4	155Sp8 10uM
1	4	11	5	293T 10uM
1	4	11	6	309Sp16 10uM
1	4	11	7	155Sp8 10uM
1	4	11	8	293T 10uM
1	4	11	9	309Sp16 10uM
1	4	12	1	102Sp8 10uM
1	4	12	2	0
1	4	12	3	252Sp0 10uM
1	4	12	4	102Sp8 10uM
1	4	12	5	0
1	4	12	6	252Sp0 10uM
1	4	12	7	102Sp8 10uM
1	4	12	8	0
1	4	12	9	252Sp0 10uM
1	4	13	1	50G 10uM
1	4	13	2	333Sp14 10uM
1	4	13	3	181Sp8 10uM
1	4	13	4	50G 10uM
1	4	13	5	333Sp14 10uM
1	4	13	6	181Sp8 10uM
1	4	13	7	50G 10uM
1	4	13	8	333Sp14 10uM
1	4	13	9	181Sp8 10uM
1	4	14	1	144Sp8 10uM
1	4	14	2	274Sp0 10uM
1	4	14	3	128Sp0 10uM
1	4	14	4	144Sp8 10uM
1	4	14	5	274Sp0 10uM
1	4	14	6	128Sp0 10uM
1	4	14	7	144Sp8 10uM
1	4	14	8	274Sp0 10uM
1	4	14	9	128Sp0 10uM
1	4	15	1	90Sp0 10uM
1	4	15	2	0
1	4	15	3	71Sp8 10uM
1	4	15	4	90Sp0 10uM
1	4	15	5	0
1	4	15	6	71Sp8 10uM
1	4	15	7	90Sp0 10uM
1	4	15	8	0
1	4	15	9	71Sp8 10uM
1	4	16	1	bio
1	4	16	2	321Sp8 10uM
1	4	16	3	167MDLys 10uM
1	4	16	4	bio
1	4	16	5	321Sp8 10uM
1	4	16	6	167MDLys 10uM
1	4	16	7	bio
1	4	16	8	321Sp8 10uM
1	4	16	9	167MDLys 10uM
2	1	1	1	259Sp0 100uM
2	1	1	2	110Sp8 100uM
2	1	1	3	0
2	1	1	4	259Sp0 100uM
2	1	1	5	110Sp8 100uM
2	1	1	6	0
2	1	1	7	259Sp0 100uM
2	1	1	8	110Sp8 100uM
2	1	1	9	0
2	1	2	1	0
2	1	2	2	58Sp10 100uM
2	1	2	3	342Sp8 100uM
2	1	2	4	0
2	1	2	5	58Sp10 100uM
2	1	2	6	342Sp8 100uM
2	1	2	7	0
2	1	2	8	58Sp10 100uM
2	1	2	9	342Sp8 100uM
2	1	3	1	306Sp0 100uM
2	1	3	2	153Sp8 100uM
2	1	3	3	285Sp0 100uM
2	1	3	4	306Sp0 100uM
2	1	3	5	153Sp8 100uM
2	1	3	6	285Sp0 100uM
2	1	3	7	306Sp0 100uM
2	1	3	8	153Sp8 100uM
2	1	3	9	285Sp0 100uM
2	1	4	1	249Sp8 100uM
2	1	4	2	99Sp8 100uM
2	1	4	3	0
2	1	4	4	249Sp8 100uM
2	1	4	5	99Sp8 100uM
2	1	4	6	0
2	1	4	7	249Sp8 100uM
2	1	4	8	99Sp8 100uM
2	1	4	9	0
2	1	5	1	178Sp8 100uM
2	1	5	2	47Sp8 100uM
2	1	5	3	330Sp10 100uM
2	1	5	4	178Sp8 100uM
2	1	5	5	47Sp8 100uM
2	1	5	6	330Sp10 100uM
2	1	5	7	178Sp8 100uM
2	1	5	8	47Sp8 100uM
2	1	5	9	330Sp10 100uM
2	1	6	1	123Sp10 100uM
2	1	6	2	140Sp8 100uM
2	1	6	3	271Sp8 100uM
2	1	6	4	123Sp10 100uM
2	1	6	5	140Sp8 100uM
2	1	6	6	271Sp8 100uM
2	1	6	7	123Sp10 100uM
2	1	6	8	140Sp8 100uM
2	1	6	9	271Sp8 100uM
2	1	7	1	68Sp0 100uM
2	1	7	2	85Sp8 100uM
2	1	7	3	0
2	1	7	4	68Sp0 100uM
2	1	7	5	85Sp8 100uM
2	1	7	6	0
2	1	7	7	68Sp0 100uM
2	1	7	8	85Sp8 100uM
2	1	7	9	0
2	1	8	1	164Sp8 100uM
2	1	8	2	bio
2	1	8	3	318Sp15 100uM
2	1	8	4	164Sp8 100uM
2	1	8	5	bio
2	1	8	6	318Sp15 100uM
2	1	8	7	164Sp8 100uM
2	1	8	8	bio
2	1	8	9	318Sp15 100uM
2	1	9	1	110Sp8 100uM
2	1	9	2	0
2	1	9	3	259Sp0 100uM
2	1	9	4	110Sp8 100uM
2	1	9	5	0
2	1	9	6	259Sp0 100uM
2	1	9	7	110Sp8 100uM
2	1	9	8	0
2	1	9	9	259Sp0 100uM
2	1	10	1	58Sp10 100uM
2	1	10	2	342Sp8 100uM
2	1	10	3	0
2	1	10	4	58Sp10 100uM
2	1	10	5	342Sp8 100uM
2	1	10	6	0
2	1	10	7	58Sp10 100uM
2	1	10	8	342Sp8 100uM
2	1	10	9	0
2	1	11	1	153Sp8 100uM
2	1	11	2	285Sp0 100uM
2	1	11	3	306Sp0 100uM
2	1	11	4	153Sp8 100uM
2	1	11	5	285Sp0 100uM
2	1	11	6	306Sp0 100uM
2	1	11	7	153Sp8 100uM
2	1	11	8	285Sp0 100uM
2	1	11	9	306Sp0 100uM
2	1	12	1	99Sp8 100uM
2	1	12	2	0
2	1	12	3	249Sp8 100uM
2	1	12	4	99Sp8 100uM
2	1	12	5	0
2	1	12	6	249Sp8 100uM
2	1	12	7	99Sp8 100uM
2	1	12	8	0
2	1	12	9	249Sp8 100uM
2	1	13	1	47Sp8 100uM
2	1	13	2	330Sp10 100uM
2	1	13	3	178Sp8 100uM
2	1	13	4	47Sp8 100uM
2	1	13	5	330Sp10 100uM
2	1	13	6	178Sp8 100uM
2	1	13	7	47Sp8 100uM
2	1	13	8	330Sp10 100uM
2	1	13	9	178Sp8 100uM
2	1	14	1	140Sp8 100uM
2	1	14	2	271Sp8 100uM
2	1	14	3	123Sp10 100uM
2	1	14	4	140Sp8 100uM
2	1	14	5	271Sp8 100uM
2	1	14	6	123Sp10 100uM
2	1	14	7	140Sp8 100uM
2	1	14	8	271Sp8 100uM
2	1	14	9	123Sp10 100uM
2	1	15	1	85Sp8 100uM
2	1	15	2	0
2	1	15	3	68Sp0 100uM
2	1	15	4	85Sp8 100uM
2	1	15	5	0
2	1	15	6	68Sp0 100uM
2	1	15	7	85Sp8 100uM
2	1	15	8	0
2	1	15	9	68Sp0 100uM
2	1	16	1	bio
2	1	16	2	318Sp15 100uM
2	1	16	3	164Sp8 100uM
2	1	16	4	bio
2	1	16	5	318Sp15 100uM
2	1	16	6	164Sp8 100uM
2	1	16	7	bio
2	1	16	8	318Sp15 100uM
2	1	16	9	164Sp8 100uM
2	2	1	1	260Sp0 100uM
2	2	1	2	111Sp8 100uM
2	2	1	3	0
2	2	1	4	260Sp0 100uM
2	2	1	5	111Sp8 100uM
2	2	1	6	0
2	2	1	7	260Sp0 100uM
2	2	1	8	111Sp8 100uM
2	2	1	9	0
2	2	2	1	0
2	2	2	2	59Sp8 100uM
2	2	2	3	343Sp19 100uM
2	2	2	4	0
2	2	2	5	59Sp8 100uM
2	2	2	6	343Sp19 100uM
2	2	2	7	0
2	2	2	8	59Sp8 100uM
2	2	2	9	343Sp19 100uM
2	2	3	1	307Sp10 100uM
2	2	3	2	154Sp0 100uM
2	2	3	3	286Sp0 100uM
2	2	3	4	307Sp10 100uM
2	2	3	5	154Sp0 100uM
2	2	3	6	286Sp0 100uM
2	2	3	7	307Sp10 100uM
2	2	3	8	154Sp0 100uM
2	2	3	9	286Sp0 100uM
2	2	4	1	250Sp8 100uM
2	2	4	2	100Sp8 100uM
2	2	4	3	0
2	2	4	4	250Sp8 100uM
2	2	4	5	100Sp8 100uM
2	2	4	6	0
2	2	4	7	250Sp8 100uM
2	2	4	8	100Sp8 100uM
2	2	4	9	0
2	2	5	1	179Sp8 100uM
2	2	5	2	48G 100uM
2	2	5	3	331Sp9 100uM
2	2	5	4	179Sp8 100uM
2	2	5	5	48G 100uM
2	2	5	6	331Sp9 100uM
2	2	5	7	179Sp8 100uM
2	2	5	8	48G 100uM
2	2	5	9	331Sp9 100uM
2	2	6	1	126Sp8 100uM
2	2	6	2	141Sp8 100uM
2	2	6	3	272Sp8 100uM
2	2	6	4	126Sp8 100uM
2	2	6	5	141Sp8 100uM
2	2	6	6	272Sp8 100uM
2	2	6	7	126Sp8 100uM
2	2	6	8	141Sp8 100uM
2	2	6	9	272Sp8 100uM
2	2	7	1	69Sp8 100uM
2	2	7	2	86Sp8 100uM
2	2	7	3	0
2	2	7	4	69Sp8 100uM
2	2	7	5	86Sp8 100uM
2	2	7	6	0
2	2	7	7	69Sp8 100uM
2	2	7	8	86Sp8 100uM
2	2	7	9	0
2	2	8	1	165Sp0 100uM
2	2	8	2	bio
2	2	8	3	319Sp18 100uM
2	2	8	4	165Sp0 100uM
2	2	8	5	bio
2	2	8	6	319Sp18 100uM
2	2	8	7	165Sp0 100uM
2	2	8	8	bio
2	2	8	9	319Sp18 100uM
2	2	9	1	111Sp8 100uM
2	2	9	2	0
2	2	9	3	260Sp0 100uM
2	2	9	4	111Sp8 100uM
2	2	9	5	0
2	2	9	6	260Sp0 100uM
2	2	9	7	111Sp8 100uM
2	2	9	8	0
2	2	9	9	260Sp0 100uM
2	2	10	1	59Sp8 100uM
2	2	10	2	343Sp19 100uM
2	2	10	3	0
2	2	10	4	59Sp8 100uM
2	2	10	5	343Sp19 100uM
2	2	10	6	0
2	2	10	7	59Sp8 100uM
2	2	10	8	343Sp19 100uM
2	2	10	9	0
2	2	11	1	154Sp0 100uM
2	2	11	2	286Sp0 100uM
2	2	11	3	307Sp10 100uM
2	2	11	4	154Sp0 100uM
2	2	11	5	286Sp0 100uM
2	2	11	6	307Sp10 100uM
2	2	11	7	154Sp0 100uM
2	2	11	8	286Sp0 100uM
2	2	11	9	307Sp10 100uM
2	2	12	1	100Sp8 100uM
2	2	12	2	0
2	2	12	3	250Sp8 100uM
2	2	12	4	100Sp8 100uM
2	2	12	5	0
2	2	12	6	250Sp8 100uM
2	2	12	7	100Sp8 100uM
2	2	12	8	0
2	2	12	9	250Sp8 100uM
2	2	13	1	48G 100uM
2	2	13	2	331Sp9 100uM
2	2	13	3	179Sp8 100uM
2	2	13	4	48G 100uM
2	2	13	5	331Sp9 100uM
2	2	13	6	179Sp8 100uM
2	2	13	7	48G 100uM
2	2	13	8	331Sp9 100uM
2	2	13	9	179Sp8 100uM
2	2	14	1	141Sp8 100uM
2	2	14	2	272Sp8 100uM
2	2	14	3	126Sp8 100uM
2	2	14	4	141Sp8 100uM
2	2	14	5	272Sp8 100uM
2	2	14	6	126Sp8 100uM
2	2	14	7	141Sp8 100uM
2	2	14	8	272Sp8 100uM
2	2	14	9	126Sp8 100uM
2	2	15	1	86Sp8 100uM
2	2	15	2	0
2	2	15	3	69Sp8 100uM
2	2	15	4	86Sp8 100uM
2	2	15	5	0
2	2	15	6	69Sp8 100uM
2	2	15	7	86Sp8 100uM
2	2	15	8	0
2	2	15	9	69Sp8 100uM
2	2	16	1	bio
2	2	16	2	319Sp18 100uM
2	2	16	3	165Sp0 100uM
2	2	16	4	bio
2	2	16	5	319Sp18 100uM
2	2	16	6	165Sp0 100uM
2	2	16	7	bio
2	2	16	8	319Sp18 100uM
2	2	16	9	165Sp0 100uM
2	3	1	1	259Sp0 10uM
2	3	1	2	110Sp8 10uM
2	3	1	3	0
2	3	1	4	259Sp0 10uM
2	3	1	5	110Sp8 10uM
2	3	1	6	0
2	3	1	7	259Sp0 10uM
2	3	1	8	110Sp8 10uM
2	3	1	9	0
2	3	2	1	0
2	3	2	2	58Sp10 10uM
2	3	2	3	342Sp8 10uM
2	3	2	4	0
2	3	2	5	58Sp10 10uM
2	3	2	6	342Sp8 10uM
2	3	2	7	0
2	3	2	8	58Sp10 10uM
2	3	2	9	342Sp8 10uM
2	3	3	1	306Sp0 10uM
2	3	3	2	153Sp8 10uM
2	3	3	3	285Sp0 10uM
2	3	3	4	306Sp0 10uM
2	3	3	5	153Sp8 10uM
2	3	3	6	285Sp0 10uM
2	3	3	7	306Sp0 10uM
2	3	3	8	153Sp8 10uM
2	3	3	9	285Sp0 10uM
2	3	4	1	249Sp8 10uM
2	3	4	2	99Sp8 10uM
2	3	4	3	0
2	3	4	4	249Sp8 10uM
2	3	4	5	99Sp8 10uM
2	3	4	6	0
2	3	4	7	249Sp8 10uM
2	3	4	8	99Sp8 10uM
2	3	4	9	0
2	3	5	1	178Sp8 10uM
2	3	5	2	47Sp8 10uM
2	3	5	3	330Sp10 10uM
2	3	5	4	178Sp8 10uM
2	3	5	5	47Sp8 10uM
2	3	5	6	330Sp10 10uM
2	3	5	7	178Sp8 10uM
2	3	5	8	47Sp8 10uM
2	3	5	9	330Sp10 10uM
2	3	6	1	123Sp10 10uM
2	3	6	2	140Sp8 10uM
2	3	6	3	271Sp8 10uM
2	3	6	4	123Sp10 10uM
2	3	6	5	140Sp8 10uM
2	3	6	6	271Sp8 10uM
2	3	6	7	123Sp10 10uM
2	3	6	8	140Sp8 10uM
2	3	6	9	271Sp8 10uM
2	3	7	1	68Sp0 10uM
2	3	7	2	85Sp8 10uM
2	3	7	3	0
2	3	7	4	68Sp0 10uM
2	3	7	5	85Sp8 10uM
2	3	7	6	0
2	3	7	7	68Sp0 10uM
2	3	7	8	85Sp8 10uM
2	3	7	9	0
2	3	8	1	164Sp8 10uM
2	3	8	2	bio
2	3	8	3	318Sp15 10uM
2	3	8	4	164Sp8 10uM
2	3	8	5	bio
2	3	8	6	318Sp15 10uM
2	3	8	7	164Sp8 10uM
2	3	8	8	bio
2	3	8	9	318Sp15 10uM
2	3	9	1	110Sp8 10uM
2	3	9	2	0
2	3	9	3	259Sp0 10uM
2	3	9	4	110Sp8 10uM
2	3	9	5	0
2	3	9	6	259Sp0 10uM
2	3	9	7	110Sp8 10uM
2	3	9	8	0
2	3	9	9	259Sp0 10uM
2	3	10	1	58Sp10 10uM
2	3	10	2	342Sp8 10uM
2	3	10	3	0
2	3	10	4	58Sp10 10uM
2	3	10	5	342Sp8 10uM
2	3	10	6	0
2	3	10	7	58Sp10 10uM
2	3	10	8	342Sp8 10uM
2	3	10	9	0
2	3	11	1	153Sp8 10uM
2	3	11	2	285Sp0 10uM
2	3	11	3	306Sp0 10uM
2	3	11	4	153Sp8 10uM
2	3	11	5	285Sp0 10uM
2	3	11	6	306Sp0 10uM
2	3	11	7	153Sp8 10uM
2	3	11	8	285Sp0 10uM
2	3	11	9	306Sp0 10uM
2	3	12	1	99Sp8 10uM
2	3	12	2	0
2	3	12	3	249Sp8 10uM
2	3	12	4	99Sp8 10uM
2	3	12	5	0
2	3	12	6	249Sp8 10uM
2	3	12	7	99Sp8 10uM
2	3	12	8	0
2	3	12	9	249Sp8 10uM
2	3	13	1	47Sp8 10uM
2	3	13	2	330Sp10 10uM
2	3	13	3	178Sp8 10uM
2	3	13	4	47Sp8 10uM
2	3	13	5	330Sp10 10uM
2	3	13	6	178Sp8 10uM
2	3	13	7	47Sp8 10uM
2	3	13	8	330Sp10 10uM
2	3	13	9	178Sp8 10uM
2	3	14	1	140Sp8 10uM
2	3	14	2	271Sp8 10uM
2	3	14	3	123Sp10 10uM
2	3	14	4	140Sp8 10uM
2	3	14	5	271Sp8 10uM
2	3	14	6	123Sp10 10uM
2	3	14	7	140Sp8 10uM
2	3	14	8	271Sp8 10uM
2	3	14	9	123Sp10 10uM
2	3	15	1	85Sp8 10uM
2	3	15	2	0
2	3	15	3	68Sp0 10uM
2	3	15	4	85Sp8 10uM
2	3	15	5	0
2	3	15	6	68Sp0 10uM
2	3	15	7	85Sp8 10uM
2	3	15	8	0
2	3	15	9	68Sp0 10uM
2	3	16	1	bio
2	3	16	2	318Sp15 10uM
2	3	16	3	164Sp8 10uM
2	3	16	4	bio
2	3	16	5	318Sp15 10uM
2	3	16	6	164Sp8 10uM
2	3	16	7	bio
2	3	16	8	318Sp15 10uM
2	3	16	9	164Sp8 10uM
2	4	1	1	260Sp0 10uM
2	4	1	2	111Sp8 10uM
2	4	1	3	0
2	4	1	4	260Sp0 10uM
2	4	1	5	111Sp8 10uM
2	4	1	6	0
2	4	1	7	260Sp0 10uM
2	4	1	8	111Sp8 10uM
2	4	1	9	0
2	4	2	1	0
2	4	2	2	59Sp8 10uM
2	4	2	3	343Sp19 10uM
2	4	2	4	0
2	4	2	5	59Sp8 10uM
2	4	2	6	343Sp19 10uM
2	4	2	7	0
2	4	2	8	59Sp8 10uM
2	4	2	9	343Sp19 10uM
2	4	3	1	307Sp10 10uM
2	4	3	2	154Sp0 10uM
2	4	3	3	286Sp0 10uM
2	4	3	4	307Sp10 10uM
2	4	3	5	154Sp0 10uM
2	4	3	6	286Sp0 10uM
2	4	3	7	307Sp10 10uM
2	4	3	8	154Sp0 10uM
2	4	3	9	286Sp0 10uM
2	4	4	1	250Sp8 10uM
2	4	4	2	100Sp8 10uM
2	4	4	3	0
2	4	4	4	250Sp8 10uM
2	4	4	5	100Sp8 10uM
2	4	4	6	0
2	4	4	7	250Sp8 10uM
2	4	4	8	100Sp8 10uM
2	4	4	9	0
2	4	5	1	179Sp8 10uM
2	4	5	2	48G 10uM
2	4	5	3	331Sp9 10uM
2	4	5	4	179Sp8 10uM
2	4	5	5	48G 10uM
2	4	5	6	331Sp9 10uM
2	4	5	7	179Sp8 10uM
2	4	5	8	48G 10uM
2	4	5	9	331Sp9 10uM
2	4	6	1	126Sp8 10uM
2	4	6	2	141Sp8 10uM
2	4	6	3	272Sp8 10uM
2	4	6	4	126Sp8 10uM
2	4	6	5	141Sp8 10uM
2	4	6	6	272Sp8 10uM
2	4	6	7	126Sp8 10uM
2	4	6	8	141Sp8 10uM
2	4	6	9	272Sp8 10uM
2	4	7	1	69Sp8 10uM
2	4	7	2	86Sp8 10uM
2	4	7	3	0
2	4	7	4	69Sp8 10uM
2	4	7	5	86Sp8 10uM
2	4	7	6	0
2	4	7	7	69Sp8 10uM
2	4	7	8	86Sp8 10uM
2	4	7	9	0
2	4	8	1	165Sp0 10uM
2	4	8	2	bio
2	4	8	3	319Sp18 10uM
2	4	8	4	165Sp0 10uM
2	4	8	5	bio
2	4	8	6	319Sp18 10uM
2	4	8	7	165Sp0 10uM
2	4	8	8	bio
2	4	8	9	319Sp18 10uM
2	4	9	1	111Sp8 10uM
2	4	9	2	0
2	4	9	3	260Sp0 10uM
2	4	9	4	111Sp8 10uM
2	4	9	5	0
2	4	9	6	260Sp0 10uM
2	4	9	7	111Sp8 10uM
2	4	9	8	0
2	4	9	9	260Sp0 10uM
2	4	10	1	59Sp8 10uM
2	4	10	2	343Sp19 10uM
2	4	10	3	0
2	4	10	4	59Sp8 10uM
2	4	10	5	343Sp19 10uM
2	4	10	6	0
2	4	10	7	59Sp8 10uM
2	4	10	8	343Sp19 10uM
2	4	10	9	0
2	4	11	1	154Sp0 10uM
2	4	11	2	286Sp0 10uM
2	4	11	3	307Sp10 10uM
2	4	11	4	154Sp0 10uM
2	4	11	5	286Sp0 10uM
2	4	11	6	307Sp10 10uM
2	4	11	7	154Sp0 10uM
2	4	11	8	286Sp0 10uM
2	4	11	9	307Sp10 10uM
2	4	12	1	100Sp8 10uM
2	4	12	2	0
2	4	12	3	250Sp8 10uM
2	4	12	4	100Sp8 10uM
2	4	12	5	0
2	4	12	6	250Sp8 10uM
2	4	12	7	100Sp8 10uM
2	4	12	8	0
2	4	12	9	250Sp8 10uM
2	4	13	1	48G 10uM
2	4	13	2	331Sp9 10uM
2	4	13	3	179Sp8 10uM
2	4	13	4	48G 10uM
2	4	13	5	331Sp9 10uM
2	4	13	6	179Sp8 10uM
2	4	13	7	48G 10uM
2	4	13	8	331Sp9 10uM
2	4	13	9	179Sp8 10uM
2	4	14	1	141Sp8 10uM
2	4	14	2	272Sp8 10uM
2	4	14	3	126Sp8 10uM
2	4	14	4	141Sp8 10uM
2	4	14	5	272Sp8 10uM
2	4	14	6	126Sp8 10uM
2	4	14	7	141Sp8 10uM
2	4	14	8	272Sp8 10uM
2	4	14	9	126Sp8 10uM
2	4	15	1	86Sp8 10uM
2	4	15	2	0
2	4	15	3	69Sp8 10uM
2	4	15	4	86Sp8 10uM
2	4	15	5	0
2	4	15	6	69Sp8 10uM
2	4	15	7	86Sp8 10uM
2	4	15	8	0
2	4	15	9	69Sp8 10uM
2	4	16	1	bio
2	4	16	2	319Sp18 10uM
2	4	16	3	165Sp0 10uM
2	4	16	4	bio
2	4	16	5	319Sp18 10uM
2	4	16	6	165Sp0 10uM
2	4	16	7	bio
2	4	16	8	319Sp18 10uM
2	4	16	9	165Sp0 10uM
3	1	1	1	216Sp0 100uM
3	1	1	2	108Sp8 100uM
3	1	1	3	0
3	1	1	4	216Sp0 100uM
3	1	1	5	108Sp8 100uM
3	1	1	6	0
3	1	1	7	216Sp0 100uM
3	1	1	8	108Sp8 100uM
3	1	1	9	0
3	1	2	1	0
3	1	2	2	26Sp8 100uM
3	1	2	3	340Sp17 100uM
3	1	2	4	0
3	1	2	5	26Sp8 100uM
3	1	2	6	340Sp17 100uM
3	1	2	7	0
3	1	2	8	26Sp8 100uM
3	1	2	9	340Sp17 100uM
3	1	3	1	304Sp0 100uM
3	1	3	2	152Sp8 100uM
3	1	3	3	248Sp0 100uM
3	1	3	4	304Sp0 100uM
3	1	3	5	152Sp8 100uM
3	1	3	6	248Sp0 100uM
3	1	3	7	304Sp0 100uM
3	1	3	8	152Sp8 100uM
3	1	3	9	248Sp0 100uM
3	1	4	1	192Sp9 100uM
3	1	4	2	97Sp0 100uM
3	1	4	3	0
3	1	4	4	192Sp9 100uM
3	1	4	5	97Sp0 100uM
3	1	4	6	0
3	1	4	7	192Sp9 100uM
3	1	4	8	97Sp0 100uM
3	1	4	9	0
3	1	5	1	176Sp8 100uM
3	1	5	2	15Sp8 100uM
3	1	5	3	328Sp12 100uM
3	1	5	4	176Sp8 100uM
3	1	5	5	15Sp8 100uM
3	1	5	6	328Sp12 100uM
3	1	5	7	176Sp8 100uM
3	1	5	8	15Sp8 100uM
3	1	5	9	328Sp12 100uM
3	1	6	1	121Sp8 100uM
3	1	6	2	138Sp0 100uM
3	1	6	3	233Sp8 100uM
3	1	6	4	121Sp8 100uM
3	1	6	5	138Sp0 100uM
3	1	6	6	233Sp8 100uM
3	1	6	7	121Sp8 100uM
3	1	6	8	138Sp0 100uM
3	1	6	9	233Sp8 100uM
3	1	7	1	37Sp0 100uM
3	1	7	2	82Sp8 100uM
3	1	7	3	0
3	1	7	4	37Sp0 100uM
3	1	7	5	82Sp8 100uM
3	1	7	6	0
3	1	7	7	37Sp0 100uM
3	1	7	8	82Sp8 100uM
3	1	7	9	0
3	1	8	1	79Sp8 100uM
3	1	8	2	bio
3	1	8	3	316Sp0 100uM
3	1	8	4	79Sp8 100uM
3	1	8	5	bio
3	1	8	6	316Sp0 100uM
3	1	8	7	79Sp8 100uM
3	1	8	8	bio
3	1	8	9	316Sp0 100uM
3	1	9	1	108Sp8 100uM
3	1	9	2	0
3	1	9	3	216Sp0 100uM
3	1	9	4	108Sp8 100uM
3	1	9	5	0
3	1	9	6	216Sp0 100uM
3	1	9	7	108Sp8 100uM
3	1	9	8	0
3	1	9	9	216Sp0 100uM
3	1	10	1	26Sp8 100uM
3	1	10	2	340Sp17 100uM
3	1	10	3	0
3	1	10	4	26Sp8 100uM
3	1	10	5	340Sp17 100uM
3	1	10	6	0
3	1	10	7	26Sp8 100uM
3	1	10	8	340Sp17 100uM
3	1	10	9	0
3	1	11	1	152Sp8 100uM
3	1	11	2	248Sp0 100uM
3	1	11	3	304Sp0 100uM
3	1	11	4	152Sp8 100uM
3	1	11	5	248Sp0 100uM
3	1	11	6	304Sp0 100uM
3	1	11	7	152Sp8 100uM
3	1	11	8	248Sp0 100uM
3	1	11	9	304Sp0 100uM
3	1	12	1	97Sp0 100uM
3	1	12	2	0
3	1	12	3	192Sp9 100uM
3	1	12	4	97Sp0 100uM
3	1	12	5	0
3	1	12	6	192Sp9 100uM
3	1	12	7	97Sp0 100uM
3	1	12	8	0
3	1	12	9	192Sp9 100uM
3	1	13	1	15Sp8 100uM
3	1	13	2	328Sp12 100uM
3	1	13	3	176Sp8 100uM
3	1	13	4	15Sp8 100uM
3	1	13	5	328Sp12 100uM
3	1	13	6	176Sp8 100uM
3	1	13	7	15Sp8 100uM
3	1	13	8	328Sp12 100uM
3	1	13	9	176Sp8 100uM
3	1	14	1	138Sp0 100uM
3	1	14	2	233Sp8 100uM
3	1	14	3	121Sp8 100uM
3	1	14	4	138Sp0 100uM
3	1	14	5	233Sp8 100uM
3	1	14	6	121Sp8 100uM
3	1	14	7	138Sp0 100uM
3	1	14	8	233Sp8 100uM
3	1	14	9	121Sp8 100uM
3	1	15	1	82Sp8 100uM
3	1	15	2	0
3	1	15	3	37Sp0 100uM
3	1	15	4	82Sp8 100uM
3	1	15	5	0
3	1	15	6	37Sp0 100uM
3	1	15	7	82Sp8 100uM
3	1	15	8	0
3	1	15	9	37Sp0 100uM
3	1	16	1	bio
3	1	16	2	316Sp0 100uM
3	1	16	3	79Sp8 100uM
3	1	16	4	bio
3	1	16	5	316Sp0 100uM
3	1	16	6	79Sp8 100uM
3	1	16	7	bio
3	1	16	8	316Sp0 100uM
3	1	16	9	79Sp8 100uM
3	2	1	1	220Sp8 100uM
3	2	1	2	109Sp0 100uM
3	2	1	3	0
3	2	1	4	220Sp8 100uM
3	2	1	5	109Sp0 100uM
3	2	1	6	0
3	2	1	7	220Sp8 100uM
3	2	1	8	109Sp0 100uM
3	2	1	9	0
3	2	2	1	0
3	2	2	2	27Sp0 100uM
3	2	2	3	341Sp8 100uM
3	2	2	4	0
3	2	2	5	27Sp0 100uM
3	2	2	6	341Sp8 100uM
3	2	2	7	0
3	2	2	8	27Sp0 100uM
3	2	2	9	341Sp8 100uM
3	2	3	1	305Sp0 100uM
3	2	3	2	153Sp0 100uM
3	2	3	3	249Sp0 100uM
3	2	3	4	305Sp0 100uM
3	2	3	5	153Sp0 100uM
3	2	3	6	249Sp0 100uM
3	2	3	7	305Sp0 100uM
3	2	3	8	153Sp0 100uM
3	2	3	9	249Sp0 100uM
3	2	4	1	195N 100uM
3	2	4	2	98Sp8 100uM
3	2	4	3	0
3	2	4	4	195N 100uM
3	2	4	5	98Sp8 100uM
3	2	4	6	0
3	2	4	7	195N 100uM
3	2	4	8	98Sp8 100uM
3	2	4	9	0
3	2	5	1	177Sp8 100uM
3	2	5	2	16Sp8 100uM
3	2	5	3	329Sp10 100uM
3	2	5	4	177Sp8 100uM
3	2	5	5	16Sp8 100uM
3	2	5	6	329Sp10 100uM
3	2	5	7	177Sp8 100uM
3	2	5	8	16Sp8 100uM
3	2	5	9	329Sp10 100uM
3	2	6	1	122Sp8 100uM
3	2	6	2	140Sp0 100uM
3	2	6	3	234Sp8 100uM
3	2	6	4	122Sp8 100uM
3	2	6	5	140Sp0 100uM
3	2	6	6	234Sp8 100uM
3	2	6	7	122Sp8 100uM
3	2	6	8	140Sp0 100uM
3	2	6	9	234Sp8 100uM
3	2	7	1	38Sp8 100uM
3	2	7	2	84Sp8 100uM
3	2	7	3	0
3	2	7	4	38Sp8 100uM
3	2	7	5	84Sp8 100uM
3	2	7	6	0
3	2	7	7	38Sp8 100uM
3	2	7	8	84Sp8 100uM
3	2	7	9	0
3	2	8	1	164Sp0 100uM
3	2	8	2	bio
3	2	8	3	317Sp0 100uM
3	2	8	4	164Sp0 100uM
3	2	8	5	bio
3	2	8	6	317Sp0 100uM
3	2	8	7	164Sp0 100uM
3	2	8	8	bio
3	2	8	9	317Sp0 100uM
3	2	9	1	109Sp0 100uM
3	2	9	2	0
3	2	9	3	220Sp8 100uM
3	2	9	4	109Sp0 100uM
3	2	9	5	0
3	2	9	6	220Sp8 100uM
3	2	9	7	109Sp0 100uM
3	2	9	8	0
3	2	9	9	220Sp8 100uM
3	2	10	1	27Sp0 100uM
3	2	10	2	341Sp8 100uM
3	2	10	3	0
3	2	10	4	27Sp0 100uM
3	2	10	5	341Sp8 100uM
3	2	10	6	0
3	2	10	7	27Sp0 100uM
3	2	10	8	341Sp8 100uM
3	2	10	9	0
3	2	11	1	153Sp0 100uM
3	2	11	2	249Sp0 100uM
3	2	11	3	305Sp0 100uM
3	2	11	4	153Sp0 100uM
3	2	11	5	249Sp0 100uM
3	2	11	6	305Sp0 100uM
3	2	11	7	153Sp0 100uM
3	2	11	8	249Sp0 100uM
3	2	11	9	305Sp0 100uM
3	2	12	1	98Sp8 100uM
3	2	12	2	0
3	2	12	3	195N 100uM
3	2	12	4	98Sp8 100uM
3	2	12	5	0
3	2	12	6	195N 100uM
3	2	12	7	98Sp8 100uM
3	2	12	8	0
3	2	12	9	195N 100uM
3	2	13	1	16Sp8 100uM
3	2	13	2	329Sp10 100uM
3	2	13	3	177Sp8 100uM
3	2	13	4	16Sp8 100uM
3	2	13	5	329Sp10 100uM
3	2	13	6	177Sp8 100uM
3	2	13	7	16Sp8 100uM
3	2	13	8	329Sp10 100uM
3	2	13	9	177Sp8 100uM
3	2	14	1	140Sp0 100uM
3	2	14	2	234Sp8 100uM
3	2	14	3	122Sp8 100uM
3	2	14	4	140Sp0 100uM
3	2	14	5	234Sp8 100uM
3	2	14	6	122Sp8 100uM
3	2	14	7	140Sp0 100uM
3	2	14	8	234Sp8 100uM
3	2	14	9	122Sp8 100uM
3	2	15	1	84Sp8 100uM
3	2	15	2	0
3	2	15	3	38Sp8 100uM
3	2	15	4	84Sp8 100uM
3	2	15	5	0
3	2	15	6	38Sp8 100uM
3	2	15	7	84Sp8 100uM
3	2	15	8	0
3	2	15	9	38Sp8 100uM
3	2	16	1	bio
3	2	16	2	317Sp0 100uM
3	2	16	3	164Sp0 100uM
3	2	16	4	bio
3	2	16	5	317Sp0 100uM
3	2	16	6	164Sp0 100uM
3	2	16	7	bio
3	2	16	8	317Sp0 100uM
3	2	16	9	164Sp0 100uM
3	3	1	1	216Sp0 10uM
3	3	1	2	108Sp8 10uM
3	3	1	3	0
3	3	1	4	216Sp0 10uM
3	3	1	5	108Sp8 10uM
3	3	1	6	0
3	3	1	7	216Sp0 10uM
3	3	1	8	108Sp8 10uM
3	3	1	9	0
3	3	2	1	0
3	3	2	2	26Sp8 10uM
3	3	2	3	340Sp17 10uM
3	3	2	4	0
3	3	2	5	26Sp8 10uM
3	3	2	6	340Sp17 10uM
3	3	2	7	0
3	3	2	8	26Sp8 10uM
3	3	2	9	340Sp17 10uM
3	3	3	1	304Sp0 10uM
3	3	3	2	152Sp8 10uM
3	3	3	3	248Sp0 10uM
3	3	3	4	304Sp0 10uM
3	3	3	5	152Sp8 10uM
3	3	3	6	248Sp0 10uM
3	3	3	7	304Sp0 10uM
3	3	3	8	152Sp8 10uM
3	3	3	9	248Sp0 10uM
3	3	4	1	192Sp9 10uM
3	3	4	2	97Sp0 10uM
3	3	4	3	0
3	3	4	4	192Sp9 10uM
3	3	4	5	97Sp0 10uM
3	3	4	6	0
3	3	4	7	192Sp9 10uM
3	3	4	8	97Sp0 10uM
3	3	4	9	0
3	3	5	1	176Sp8 10uM
3	3	5	2	15Sp8 10uM
3	3	5	3	328Sp12 10uM
3	3	5	4	176Sp8 10uM
3	3	5	5	15Sp8 10uM
3	3	5	6	328Sp12 10uM
3	3	5	7	176Sp8 10uM
3	3	5	8	15Sp8 10uM
3	3	5	9	328Sp12 10uM
3	3	6	1	121Sp8 10uM
3	3	6	2	138Sp0 10uM
3	3	6	3	233Sp8 10uM
3	3	6	4	121Sp8 10uM
3	3	6	5	138Sp0 10uM
3	3	6	6	233Sp8 10uM
3	3	6	7	121Sp8 10uM
3	3	6	8	138Sp0 10uM
3	3	6	9	233Sp8 10uM
3	3	7	1	37Sp0 10uM
3	3	7	2	82Sp8 10uM
3	3	7	3	0
3	3	7	4	37Sp0 10uM
3	3	7	5	82Sp8 10uM
3	3	7	6	0
3	3	7	7	37Sp0 10uM
3	3	7	8	82Sp8 10uM
3	3	7	9	0
3	3	8	1	79Sp8 10uM
3	3	8	2	bio
3	3	8	3	316Sp0 10uM
3	3	8	4	79Sp8 10uM
3	3	8	5	bio
3	3	8	6	316Sp0 10uM
3	3	8	7	79Sp8 10uM
3	3	8	8	bio
3	3	8	9	316Sp0 10uM
3	3	9	1	108Sp8 10uM
3	3	9	2	0
3	3	9	3	216Sp0 10uM
3	3	9	4	108Sp8 10uM
3	3	9	5	0
3	3	9	6	216Sp0 10uM
3	3	9	7	108Sp8 10uM
3	3	9	8	0
3	3	9	9	216Sp0 10uM
3	3	10	1	26Sp8 10uM
3	3	10	2	340Sp17 10uM
3	3	10	3	0
3	3	10	4	26Sp8 10uM
3	3	10	5	340Sp17 10uM
3	3	10	6	0
3	3	10	7	26Sp8 10uM
3	3	10	8	340Sp17 10uM
3	3	10	9	0
3	3	11	1	152Sp8 10uM
3	3	11	2	248Sp0 10uM
3	3	11	3	304Sp0 10uM
3	3	11	4	152Sp8 10uM
3	3	11	5	248Sp0 10uM
3	3	11	6	304Sp0 10uM
3	3	11	7	152Sp8 10uM
3	3	11	8	248Sp0 10uM
3	3	11	9	304Sp0 10uM
3	3	12	1	97Sp0 10uM
3	3	12	2	0
3	3	12	3	192Sp9 10uM
3	3	12	4	97Sp0 10uM
3	3	12	5	0
3	3	12	6	192Sp9 10uM
3	3	12	7	97Sp0 10uM
3	3	12	8	0
3	3	12	9	192Sp9 10uM
3	3	13	1	15Sp8 10uM
3	3	13	2	328Sp12 10uM
3	3	13	3	176Sp8 10uM
3	3	13	4	15Sp8 10uM
3	3	13	5	328Sp12 10uM
3	3	13	6	176Sp8 10uM
3	3	13	7	15Sp8 10uM
3	3	13	8	328Sp12 10uM
3	3	13	9	176Sp8 10uM
3	3	14	1	138Sp0 10uM
3	3	14	2	233Sp8 10uM
3	3	14	3	121Sp8 10uM
3	3	14	4	138Sp0 10uM
3	3	14	5	233Sp8 10uM
3	3	14	6	121Sp8 10uM
3	3	14	7	138Sp0 10uM
3	3	14	8	233Sp8 10uM
3	3	14	9	121Sp8 10uM
3	3	15	1	82Sp8 10uM
3	3	15	2	0
3	3	15	3	37Sp0 10uM
3	3	15	4	82Sp8 10uM
3	3	15	5	0
3	3	15	6	37Sp0 10uM
3	3	15	7	82Sp8 10uM
3	3	15	8	0
3	3	15	9	37Sp0 10uM
3	3	16	1	bio
3	3	16	2	316Sp0 10uM
3	3	16	3	79Sp8 10uM
3	3	16	4	bio
3	3	16	5	316Sp0 10uM
3	3	16	6	79Sp8 10uM
3	3	16	7	bio
3	3	16	8	316Sp0 10uM
3	3	16	9	79Sp8 10uM
3	4	1	1	220Sp8 10uM
3	4	1	2	109Sp0 10uM
3	4	1	3	0
3	4	1	4	220Sp8 10uM
3	4	1	5	109Sp0 10uM
3	4	1	6	0
3	4	1	7	220Sp8 10uM
3	4	1	8	109Sp0 10uM
3	4	1	9	0
3	4	2	1	0
3	4	2	2	27Sp0 10uM
3	4	2	3	341Sp8 10uM
3	4	2	4	0
3	4	2	5	27Sp0 10uM
3	4	2	6	341Sp8 10uM
3	4	2	7	0
3	4	2	8	27Sp0 10uM
3	4	2	9	341Sp8 10uM
3	4	3	1	305Sp0 10uM
3	4	3	2	153Sp0 10uM
3	4	3	3	249Sp0 10uM
3	4	3	4	305Sp0 10uM
3	4	3	5	153Sp0 10uM
3	4	3	6	249Sp0 10uM
3	4	3	7	305Sp0 10uM
3	4	3	8	153Sp0 10uM
3	4	3	9	249Sp0 10uM
3	4	4	1	195N 10uM
3	4	4	2	98Sp8 10uM
3	4	4	3	0
3	4	4	4	195N 10uM
3	4	4	5	98Sp8 10uM
3	4	4	6	0
3	4	4	7	195N 10uM
3	4	4	8	98Sp8 10uM
3	4	4	9	0
3	4	5	1	177Sp8 10uM
3	4	5	2	16Sp8 10uM
3	4	5	3	329Sp10 10uM
3	4	5	4	177Sp8 10uM
3	4	5	5	16Sp8 10uM
3	4	5	6	329Sp10 10uM
3	4	5	7	177Sp8 10uM
3	4	5	8	16Sp8 10uM
3	4	5	9	329Sp10 10uM
3	4	6	1	122Sp8 10uM
3	4	6	2	140Sp0 10uM
3	4	6	3	234Sp8 10uM
3	4	6	4	122Sp8 10uM
3	4	6	5	140Sp0 10uM
3	4	6	6	234Sp8 10uM
3	4	6	7	122Sp8 10uM
3	4	6	8	140Sp0 10uM
3	4	6	9	234Sp8 10uM
3	4	7	1	38Sp8 10uM
3	4	7	2	84Sp8 10uM
3	4	7	3	0
3	4	7	4	38Sp8 10uM
3	4	7	5	84Sp8 10uM
3	4	7	6	0
3	4	7	7	38Sp8 10uM
3	4	7	8	84Sp8 10uM
3	4	7	9	0
3	4	8	1	164Sp0 10uM
3	4	8	2	bio
3	4	8	3	317Sp0 10uM
3	4	8	4	164Sp0 10uM
3	4	8	5	bio
3	4	8	6	317Sp0 10uM
3	4	8	7	164Sp0 10uM
3	4	8	8	bio
3	4	8	9	317Sp0 10uM
3	4	9	1	109Sp0 10uM
3	4	9	2	0
3	4	9	3	220Sp8 10uM
3	4	9	4	109Sp0 10uM
3	4	9	5	0
3	4	9	6	220Sp8 10uM
3	4	9	7	109Sp0 10uM
3	4	9	8	0
3	4	9	9	220Sp8 10uM
3	4	10	1	27Sp0 10uM
3	4	10	2	341Sp8 10uM
3	4	10	3	0
3	4	10	4	27Sp0 10uM
3	4	10	5	341Sp8 10uM
3	4	10	6	0
3	4	10	7	27Sp0 10uM
3	4	10	8	341Sp8 10uM
3	4	10	9	0
3	4	11	1	153Sp0 10uM
3	4	11	2	249Sp0 10uM
3	4	11	3	305Sp0 10uM
3	4	11	4	153Sp0 10uM
3	4	11	5	249Sp0 10uM
3	4	11	6	305Sp0 10uM
3	4	11	7	153Sp0 10uM
3	4	11	8	249Sp0 10uM
3	4	11	9	305Sp0 10uM
3	4	12	1	98Sp8 10uM
3	4	12	2	0
3	4	12	3	195N 10uM
3	4	12	4	98Sp8 10uM
3	4	12	5	0
3	4	12	6	195N 10uM
3	4	12	7	98Sp8 10uM
3	4	12	8	0
3	4	12	9	195N 10uM
3	4	13	1	16Sp8 10uM
3	4	13	2	329Sp10 10uM
3	4	13	3	177Sp8 10uM
3	4	13	4	16Sp8 10uM
3	4	13	5	329Sp10 10uM
3	4	13	6	177Sp8 10uM
3	4	13	7	16Sp8 10uM
3	4	13	8	329Sp10 10uM
3	4	13	9	177Sp8 10uM
3	4	14	1	140Sp0 10uM
3	4	14	2	234Sp8 10uM
3	4	14	3	122Sp8 10uM
3	4	14	4	140Sp0 10uM
3	4	14	5	234Sp8 10uM
3	4	14	6	122Sp8 10uM
3	4	14	7	140Sp0 10uM
3	4	14	8	234Sp8 10uM
3	4	14	9	122Sp8 10uM
3	4	15	1	84Sp8 10uM
3	4	15	2	0
3	4	15	3	38Sp8 10uM
3	4	15	4	84Sp8 10uM
3	4	15	5	0
3	4	15	6	38Sp8 10uM
3	4	15	7	84Sp8 10uM
3	4	15	8	0
3	4	15	9	38Sp8 10uM
3	4	16	1	bio
3	4	16	2	317Sp0 10uM
3	4	16	3	164Sp0 10uM
3	4	16	4	bio
3	4	16	5	317Sp0 10uM
3	4	16	6	164Sp0 10uM
3	4	16	7	bio
3	4	16	8	317Sp0 10uM
3	4	16	9	164Sp0 10uM
4	1	1	1	212Sp0 100uM
4	1	1	2	107Sp8 100uM
4	1	1	3	0
4	1	1	4	212Sp0 100uM
4	1	1	5	107Sp8 100uM
4	1	1	6	0
4	1	1	7	212Sp0 100uM
4	1	1	8	107Sp8 100uM
4	1	1	9	0
4	1	2	1	0
4	1	2	2	24Sp0 100uM
4	1	2	3	338Sp12 100uM
4	1	2	4	0
4	1	2	5	24Sp0 100uM
4	1	2	6	338Sp12 100uM
4	1	2	7	0
4	1	2	8	24Sp0 100uM
4	1	2	9	338Sp12 100uM
4	1	3	1	302Sp0 100uM
4	1	3	2	148Sp8 100uM
4	1	3	3	246Sp0 100uM
4	1	3	4	302Sp0 100uM
4	1	3	5	148Sp8 100uM
4	1	3	6	246Sp0 100uM
4	1	3	7	302Sp0 100uM
4	1	3	8	148Sp8 100uM
4	1	3	9	246Sp0 100uM
4	1	4	1	190Sp9 100uM
4	1	4	2	95Sp0 100uM
4	1	4	3	0
4	1	4	4	190Sp9 100uM
4	1	4	5	95Sp0 100uM
4	1	4	6	0
4	1	4	7	190Sp9 100uM
4	1	4	8	95Sp0 100uM
4	1	4	9	0
4	1	5	1	173Sp8 100uM
4	1	5	2	13Sp11 100uM
4	1	5	3	326Sp12 100uM
4	1	5	4	173Sp8 100uM
4	1	5	5	13Sp11 100uM
4	1	5	6	326Sp12 100uM
4	1	5	7	173Sp8 100uM
4	1	5	8	13Sp11 100uM
4	1	5	9	326Sp12 100uM
4	1	6	1	119Sp8 100uM
4	1	6	2	136Sp8 100uM
4	1	6	3	231Sp0 100uM
4	1	6	4	119Sp8 100uM
4	1	6	5	136Sp8 100uM
4	1	6	6	231Sp0 100uM
4	1	6	7	119Sp8 100uM
4	1	6	8	136Sp8 100uM
4	1	6	9	231Sp0 100uM
4	1	7	1	34Sp8 100uM
4	1	7	2	80Sp8 100uM
4	1	7	3	0
4	1	7	4	34Sp8 100uM
4	1	7	5	80Sp8 100uM
4	1	7	6	0
4	1	7	7	34Sp8 100uM
4	1	7	8	80Sp8 100uM
4	1	7	9	0
4	1	8	1	162Sp8 100uM
4	1	8	2	bio
4	1	8	3	314Sp0 100uM
4	1	8	4	162Sp8 100uM
4	1	8	5	bio
4	1	8	6	314Sp0 100uM
4	1	8	7	162Sp8 100uM
4	1	8	8	bio
4	1	8	9	314Sp0 100uM
4	1	9	1	107Sp8 100uM
4	1	9	2	0
4	1	9	3	212Sp0 100uM
4	1	9	4	107Sp8 100uM
4	1	9	5	0
4	1	9	6	212Sp0 100uM
4	1	9	7	107Sp8 100uM
4	1	9	8	0
4	1	9	9	212Sp0 100uM
4	1	10	1	24Sp0 100uM
4	1	10	2	338Sp12 100uM
4	1	10	3	0
4	1	10	4	24Sp0 100uM
4	1	10	5	338Sp12 100uM
4	1	10	6	0
4	1	10	7	24Sp0 100uM
4	1	10	8	338Sp12 100uM
4	1	10	9	0
4	1	11	1	148Sp8 100uM
4	1	11	2	246Sp0 100uM
4	1	11	3	302Sp0 100uM
4	1	11	4	148Sp8 100uM
4	1	11	5	246Sp0 100uM
4	1	11	6	302Sp0 100uM
4	1	11	7	148Sp8 100uM
4	1	11	8	246Sp0 100uM
4	1	11	9	302Sp0 100uM
4	1	12	1	95Sp0 100uM
4	1	12	2	0
4	1	12	3	190Sp9 100uM
4	1	12	4	95Sp0 100uM
4	1	12	5	0
4	1	12	6	190Sp9 100uM
4	1	12	7	95Sp0 100uM
4	1	12	8	0
4	1	12	9	190Sp9 100uM
4	1	13	1	13Sp11 100uM
4	1	13	2	326Sp12 100uM
4	1	13	3	173Sp8 100uM
4	1	13	4	13Sp11 100uM
4	1	13	5	326Sp12 100uM
4	1	13	6	173Sp8 100uM
4	1	13	7	13Sp11 100uM
4	1	13	8	326Sp12 100uM
4	1	13	9	173Sp8 100uM
4	1	14	1	136Sp8 100uM
4	1	14	2	231Sp0 100uM
4	1	14	3	119Sp8 100uM
4	1	14	4	136Sp8 100uM
4	1	14	5	231Sp0 100uM
4	1	14	6	119Sp8 100uM
4	1	14	7	136Sp8 100uM
4	1	14	8	231Sp0 100uM
4	1	14	9	119Sp8 100uM
4	1	15	1	80Sp8 100uM
4	1	15	2	0
4	1	15	3	34Sp8 100uM
4	1	15	4	80Sp8 100uM
4	1	15	5	0
4	1	15	6	34Sp8 100uM
4	1	15	7	80Sp8 100uM
4	1	15	8	0
4	1	15	9	34Sp8 100uM
4	1	16	1	bio
4	1	16	2	314Sp0 100uM
4	1	16	3	162Sp8 100uM
4	1	16	4	bio
4	1	16	5	314Sp0 100uM
4	1	16	6	162Sp8 100uM
4	1	16	7	bio
4	1	16	8	314Sp0 100uM
4	1	16	9	162Sp8 100uM
4	2	1	1	213Sp8 100uM
4	2	1	2	108Sp0 100uM
4	2	1	3	0
4	2	1	4	213Sp8 100uM
4	2	1	5	108Sp0 100uM
4	2	1	6	0
4	2	1	7	213Sp8 100uM
4	2	1	8	108Sp0 100uM
4	2	1	9	0
4	2	2	1	0
4	2	2	2	25Sp0 100uM
4	2	2	3	339Sp8 100uM
4	2	2	4	0
4	2	2	5	25Sp0 100uM
4	2	2	6	339Sp8 100uM
4	2	2	7	0
4	2	2	8	25Sp0 100uM
4	2	2	9	339Sp8 100uM
4	2	3	1	303Sp0 100uM
4	2	3	2	150Sp8 100uM
4	2	3	3	247Sp0 100uM
4	2	3	4	303Sp0 100uM
4	2	3	5	150Sp8 100uM
4	2	3	6	247Sp0 100uM
4	2	3	7	303Sp0 100uM
4	2	3	8	150Sp8 100uM
4	2	3	9	247Sp0 100uM
4	2	4	1	191Sp9 100uM
4	2	4	2	96Sp0 100uM
4	2	4	3	0
4	2	4	4	191Sp9 100uM
4	2	4	5	96Sp0 100uM
4	2	4	6	0
4	2	4	7	191Sp9 100uM
4	2	4	8	96Sp0 100uM
4	2	4	9	0
4	2	5	1	175Sp8 100uM
4	2	5	2	14Sp8 100uM
4	2	5	3	327Sp10 100uM
4	2	5	4	175Sp8 100uM
4	2	5	5	14Sp8 100uM
4	2	5	6	327Sp10 100uM
4	2	5	7	175Sp8 100uM
4	2	5	8	14Sp8 100uM
4	2	5	9	327Sp10 100uM
4	2	6	1	120Sp8 100uM
4	2	6	2	137Sp0 100uM
4	2	6	3	232Sp0 100uM
4	2	6	4	120Sp8 100uM
4	2	6	5	137Sp0 100uM
4	2	6	6	232Sp0 100uM
4	2	6	7	120Sp8 100uM
4	2	6	8	137Sp0 100uM
4	2	6	9	232Sp0 100uM
4	2	7	1	35Sp8 100uM
4	2	7	2	81Sp8 100uM
4	2	7	3	0
4	2	7	4	35Sp8 100uM
4	2	7	5	81Sp8 100uM
4	2	7	6	0
4	2	7	7	35Sp8 100uM
4	2	7	8	81Sp8 100uM
4	2	7	9	0
4	2	8	1	163Sp8 100uM
4	2	8	2	bio
4	2	8	3	315Sp0 100uM
4	2	8	4	163Sp8 100uM
4	2	8	5	bio
4	2	8	6	315Sp0 100uM
4	2	8	7	163Sp8 100uM
4	2	8	8	bio
4	2	8	9	315Sp0 100uM
4	2	9	1	108Sp0 100uM
4	2	9	2	0
4	2	9	3	213Sp8 100uM
4	2	9	4	108Sp0 100uM
4	2	9	5	0
4	2	9	6	213Sp8 100uM
4	2	9	7	108Sp0 100uM
4	2	9	8	0
4	2	9	9	213Sp8 100uM
4	2	10	1	25Sp0 100uM
4	2	10	2	339Sp8 100uM
4	2	10	3	0
4	2	10	4	25Sp0 100uM
4	2	10	5	339Sp8 100uM
4	2	10	6	0
4	2	10	7	25Sp0 100uM
4	2	10	8	339Sp8 100uM
4	2	10	9	0
4	2	11	1	150Sp8 100uM
4	2	11	2	247Sp0 100uM
4	2	11	3	303Sp0 100uM
4	2	11	4	150Sp8 100uM
4	2	11	5	247Sp0 100uM
4	2	11	6	303Sp0 100uM
4	2	11	7	150Sp8 100uM
4	2	11	8	247Sp0 100uM
4	2	11	9	303Sp0 100uM
4	2	12	1	96Sp0 100uM
4	2	12	2	0
4	2	12	3	191Sp9 100uM
4	2	12	4	96Sp0 100uM
4	2	12	5	0
4	2	12	6	191Sp9 100uM
4	2	12	7	96Sp0 100uM
4	2	12	8	0
4	2	12	9	191Sp9 100uM
4	2	13	1	14Sp8 100uM
4	2	13	2	327Sp10 100uM
4	2	13	3	175Sp8 100uM
4	2	13	4	14Sp8 100uM
4	2	13	5	327Sp10 100uM
4	2	13	6	175Sp8 100uM
4	2	13	7	14Sp8 100uM
4	2	13	8	327Sp10 100uM
4	2	13	9	175Sp8 100uM
4	2	14	1	137Sp0 100uM
4	2	14	2	232Sp0 100uM
4	2	14	3	120Sp8 100uM
4	2	14	4	137Sp0 100uM
4	2	14	5	232Sp0 100uM
4	2	14	6	120Sp8 100uM
4	2	14	7	137Sp0 100uM
4	2	14	8	232Sp0 100uM
4	2	14	9	120Sp8 100uM
4	2	15	1	81Sp8 100uM
4	2	15	2	0
4	2	15	3	35Sp8 100uM
4	2	15	4	81Sp8 100uM
4	2	15	5	0
4	2	15	6	35Sp8 100uM
4	2	15	7	81Sp8 100uM
4	2	15	8	0
4	2	15	9	35Sp8 100uM
4	2	16	1	bio
4	2	16	2	315Sp0 100uM
4	2	16	3	163Sp8 100uM
4	2	16	4	bio
4	2	16	5	315Sp0 100uM
4	2	16	6	163Sp8 100uM
4	2	16	7	bio
4	2	16	8	315Sp0 100uM
4	2	16	9	163Sp8 100uM
4	3	1	1	212Sp0 10uM
4	3	1	2	107Sp8 10uM
4	3	1	3	0
4	3	1	4	212Sp0 10uM
4	3	1	5	107Sp8 10uM
4	3	1	6	0
4	3	1	7	212Sp0 10uM
4	3	1	8	107Sp8 10uM
4	3	1	9	0
4	3	2	1	0
4	3	2	2	24Sp0 10uM
4	3	2	3	338Sp12 10uM
4	3	2	4	0
4	3	2	5	24Sp0 10uM
4	3	2	6	338Sp12 10uM
4	3	2	7	0
4	3	2	8	24Sp0 10uM
4	3	2	9	338Sp12 10uM
4	3	3	1	302Sp0 10uM
4	3	3	2	148Sp8 10uM
4	3	3	3	246Sp0 10uM
4	3	3	4	302Sp0 10uM
4	3	3	5	148Sp8 10uM
4	3	3	6	246Sp0 10uM
4	3	3	7	302Sp0 10uM
4	3	3	8	148Sp8 10uM
4	3	3	9	246Sp0 10uM
4	3	4	1	190Sp9 10uM
4	3	4	2	95Sp0 10uM
4	3	4	3	0
4	3	4	4	190Sp9 10uM
4	3	4	5	95Sp0 10uM
4	3	4	6	0
4	3	4	7	190Sp9 10uM
4	3	4	8	95Sp0 10uM
4	3	4	9	0
4	3	5	1	173Sp8 10uM
4	3	5	2	13Sp11 10uM
4	3	5	3	326Sp12 10uM
4	3	5	4	173Sp8 10uM
4	3	5	5	13Sp11 10uM
4	3	5	6	326Sp12 10uM
4	3	5	7	173Sp8 10uM
4	3	5	8	13Sp11 10uM
4	3	5	9	326Sp12 10uM
4	3	6	1	119Sp8 10uM
4	3	6	2	136Sp8 10uM
4	3	6	3	231Sp0 10uM
4	3	6	4	119Sp8 10uM
4	3	6	5	136Sp8 10uM
4	3	6	6	231Sp0 10uM
4	3	6	7	119Sp8 10uM
4	3	6	8	136Sp8 10uM
4	3	6	9	231Sp0 10uM
4	3	7	1	34Sp8 10uM
4	3	7	2	80Sp8 10uM
4	3	7	3	0
4	3	7	4	34Sp8 10uM
4	3	7	5	80Sp8 10uM
4	3	7	6	0
4	3	7	7	34Sp8 10uM
4	3	7	8	80Sp8 10uM
4	3	7	9	0
4	3	8	1	162Sp8 10uM
4	3	8	2	bio
4	3	8	3	314Sp0 10uM
4	3	8	4	162Sp8 10uM
4	3	8	5	bio
4	3	8	6	314Sp0 10uM
4	3	8	7	162Sp8 10uM
4	3	8	8	bio
4	3	8	9	314Sp0 10uM
4	3	9	1	107Sp8 10uM
4	3	9	2	0
4	3	9	3	212Sp0 10uM
4	3	9	4	107Sp8 10uM
4	3	9	5	0
4	3	9	6	212Sp0 10uM
4	3	9	7	107Sp8 10uM
4	3	9	8	0
4	3	9	9	212Sp0 10uM
4	3	10	1	24Sp0 10uM
4	3	10	2	338Sp12 10uM
4	3	10	3	0
4	3	10	4	24Sp0 10uM
4	3	10	5	338Sp12 10uM
4	3	10	6	0
4	3	10	7	24Sp0 10uM
4	3	10	8	338Sp12 10uM
4	3	10	9	0
4	3	11	1	148Sp8 10uM
4	3	11	2	246Sp0 10uM
4	3	11	3	302Sp0 10uM
4	3	11	4	148Sp8 10uM
4	3	11	5	246Sp0 10uM
4	3	11	6	302Sp0 10uM
4	3	11	7	148Sp8 10uM
4	3	11	8	246Sp0 10uM
4	3	11	9	302Sp0 10uM
4	3	12	1	95Sp0 10uM
4	3	12	2	0
4	3	12	3	190Sp9 10uM
4	3	12	4	95Sp0 10uM
4	3	12	5	0
4	3	12	6	190Sp9 10uM
4	3	12	7	95Sp0 10uM
4	3	12	8	0
4	3	12	9	190Sp9 10uM
4	3	13	1	13Sp11 10uM
4	3	13	2	326Sp12 10uM
4	3	13	3	173Sp8 10uM
4	3	13	4	13Sp11 10uM
4	3	13	5	326Sp12 10uM
4	3	13	6	173Sp8 10uM
4	3	13	7	13Sp11 10uM
4	3	13	8	326Sp12 10uM
4	3	13	9	173Sp8 10uM
4	3	14	1	136Sp8 10uM
4	3	14	2	231Sp0 10uM
4	3	14	3	119Sp8 10uM
4	3	14	4	136Sp8 10uM
4	3	14	5	231Sp0 10uM
4	3	14	6	119Sp8 10uM
4	3	14	7	136Sp8 10uM
4	3	14	8	231Sp0 10uM
4	3	14	9	119Sp8 10uM
4	3	15	1	80Sp8 10uM
4	3	15	2	0
4	3	15	3	34Sp8 10uM
4	3	15	4	80Sp8 10uM
4	3	15	5	0
4	3	15	6	34Sp8 10uM
4	3	15	7	80Sp8 10uM
4	3	15	8	0
4	3	15	9	34Sp8 10uM
4	3	16	1	bio
4	3	16	2	314Sp0 10uM
4	3	16	3	162Sp8 10uM
4	3	16	4	bio
4	3	16	5	314Sp0 10uM
4	3	16	6	162Sp8 10uM
4	3	16	7	bio
4	3	16	8	314Sp0 10uM
4	3	16	9	162Sp8 10uM
4	4	1	1	213Sp8 10uM
4	4	1	2	108Sp0 10uM
4	4	1	3	0
4	4	1	4	213Sp8 10uM
4	4	1	5	108Sp0 10uM
4	4	1	6	0
4	4	1	7	213Sp8 10uM
4	4	1	8	108Sp0 10uM
4	4	1	9	0
4	4	2	1	0
4	4	2	2	25Sp0 10uM
4	4	2	3	339Sp8 10uM
4	4	2	4	0
4	4	2	5	25Sp0 10uM
4	4	2	6	339Sp8 10uM
4	4	2	7	0
4	4	2	8	25Sp0 10uM
4	4	2	9	339Sp8 10uM
4	4	3	1	303Sp0 10uM
4	4	3	2	150Sp8 10uM
4	4	3	3	247Sp0 10uM
4	4	3	4	303Sp0 10uM
4	4	3	5	150Sp8 10uM
4	4	3	6	247Sp0 10uM
4	4	3	7	303Sp0 10uM
4	4	3	8	150Sp8 10uM
4	4	3	9	247Sp0 10uM
4	4	4	1	191Sp9 10uM
4	4	4	2	96Sp0 10uM
4	4	4	3	0
4	4	4	4	191Sp9 10uM
4	4	4	5	96Sp0 10uM
4	4	4	6	0
4	4	4	7	191Sp9 10uM
4	4	4	8	96Sp0 10uM
4	4	4	9	0
4	4	5	1	175Sp8 10uM
4	4	5	2	14Sp8 10uM
4	4	5	3	327Sp10 10uM
4	4	5	4	175Sp8 10uM
4	4	5	5	14Sp8 10uM
4	4	5	6	327Sp10 10uM
4	4	5	7	175Sp8 10uM
4	4	5	8	14Sp8 10uM
4	4	5	9	327Sp10 10uM
4	4	6	1	120Sp8 10uM
4	4	6	2	137Sp0 10uM
4	4	6	3	232Sp0 10uM
4	4	6	4	120Sp8 10uM
4	4	6	5	137Sp0 10uM
4	4	6	6	232Sp0 10uM
4	4	6	7	120Sp8 10uM
4	4	6	8	137Sp0 10uM
4	4	6	9	232Sp0 10uM
4	4	7	1	35Sp8 10uM
4	4	7	2	81Sp8 10uM
4	4	7	3	0
4	4	7	4	35Sp8 10uM
4	4	7	5	81Sp8 10uM
4	4	7	6	0
4	4	7	7	35Sp8 10uM
4	4	7	8	81Sp8 10uM
4	4	7	9	0
4	4	8	1	163Sp8 10uM
4	4	8	2	bio
4	4	8	3	315Sp0 10uM
4	4	8	4	163Sp8 10uM
4	4	8	5	bio
4	4	8	6	315Sp0 10uM
4	4	8	7	163Sp8 10uM
4	4	8	8	bio
4	4	8	9	315Sp0 10uM
4	4	9	1	108Sp0 10uM
4	4	9	2	0
4	4	9	3	213Sp8 10uM
4	4	9	4	108Sp0 10uM
4	4	9	5	0
4	4	9	6	213Sp8 10uM
4	4	9	7	108Sp0 10uM
4	4	9	8	0
4	4	9	9	213Sp8 10uM
4	4	10	1	25Sp0 10uM
4	4	10	2	339Sp8 10uM
4	4	10	3	0
4	4	10	4	25Sp0 10uM
4	4	10	5	339Sp8 10uM
4	4	10	6	0
4	4	10	7	25Sp0 10uM
4	4	10	8	339Sp8 10uM
4	4	10	9	0
4	4	11	1	150Sp8 10uM
4	4	11	2	247Sp0 10uM
4	4	11	3	303Sp0 10uM
4	4	11	4	150Sp8 10uM
4	4	11	5	247Sp0 10uM
4	4	11	6	303Sp0 10uM
4	4	11	7	150Sp8 10uM
4	4	11	8	247Sp0 10uM
4	4	11	9	303Sp0 10uM
4	4	12	1	96Sp0 10uM
4	4	12	2	0
4	4	12	3	191Sp9 10uM
4	4	12	4	96Sp0 10uM
4	4	12	5	0
4	4	12	6	191Sp9 10uM
4	4	12	7	96Sp0 10uM
4	4	12	8	0
4	4	12	9	191Sp9 10uM
4	4	13	1	14Sp8 10uM
4	4	13	2	327Sp10 10uM
4	4	13	3	175Sp8 10uM
4	4	13	4	14Sp8 10uM
4	4	13	5	327Sp10 10uM
4	4	13	6	175Sp8 10uM
4	4	13	7	14Sp8 10uM
4	4	13	8	327Sp10 10uM
4	4	13	9	175Sp8 10uM
4	4	14	1	137Sp0 10uM
4	4	14	2	232Sp0 10uM
4	4	14	3	120Sp8 10uM
4	4	14	4	137Sp0 10uM
4	4	14	5	232Sp0 10uM
4	4	14	6	120Sp8 10uM
4	4	14	7	137Sp0 10uM
4	4	14	8	232Sp0 10uM
4	4	14	9	120Sp8 10uM
4	4	15	1	81Sp8 10uM
4	4	15	2	0
4	4	15	3	35Sp8 10uM
4	4	15	4	81Sp8 10uM
4	4	15	5	0
4	4	15	6	35Sp8 10uM
4	4	15	7	81Sp8 10uM
4	4	15	8	0
4	4	15	9	35Sp8 10uM
4	4	16	1	bio
4	4	16	2	315Sp0 10uM
4	4	16	3	163Sp8 10uM
4	4	16	4	bio
4	4	16	5	315Sp0 10uM
4	4	16	6	163Sp8 10uM
4	4	16	7	bio
4	4	16	8	315Sp0 10uM
4	4	16	9	163Sp8 10uM
5	1	1	1	208Sp0 100uM
5	1	1	2	67Sp8 100uM
5	1	1	3	0
5	1	1	4	208Sp0 100uM
5	1	1	5	67Sp8 100uM
5	1	1	6	0
5	1	1	7	208Sp0 100uM
5	1	1	8	67Sp8 100uM
5	1	1	9	0
5	1	2	1	0
5	1	2	2	22Sp8 100uM
5	1	2	3	300Sp0 100uM
5	1	2	4	0
5	1	2	5	22Sp8 100uM
5	1	2	6	300Sp0 100uM
5	1	2	7	0
5	1	2	8	22Sp8 100uM
5	1	2	9	300Sp0 100uM
5	1	3	1	258Sp0 100uM
5	1	3	2	147Sp0 100uM
5	1	3	3	244Sp8 100uM
5	1	3	4	258Sp0 100uM
5	1	3	5	147Sp0 100uM
5	1	3	6	244Sp8 100uM
5	1	3	7	258Sp0 100uM
5	1	3	8	147Sp0 100uM
5	1	3	9	244Sp8 100uM
5	1	4	1	188Sp0 100uM
5	1	4	2	57Sp0 100uM
5	1	4	3	0
5	1	4	4	188Sp0 100uM
5	1	4	5	57Sp0 100uM
5	1	4	6	0
5	1	4	7	188Sp0 100uM
5	1	4	8	57Sp0 100uM
5	1	4	9	0
5	1	5	1	170Sp8 100uM
5	1	5	2	12Sp8 100uM
5	1	5	3	283Sp0 100uM
5	1	5	4	170Sp8 100uM
5	1	5	5	12Sp8 100uM
5	1	5	6	283Sp0 100uM
5	1	5	7	170Sp8 100uM
5	1	5	8	12Sp8 100uM
5	1	5	9	283Sp0 100uM
5	1	6	1	77Sp8 100uM
5	1	6	2	134Sp8 100uM
5	1	6	3	230Sp0 100uM
5	1	6	4	77Sp8 100uM
5	1	6	5	134Sp8 100uM
5	1	6	6	230Sp0 100uM
5	1	6	7	77Sp8 100uM
5	1	6	8	134Sp8 100uM
5	1	6	9	230Sp0 100uM
5	1	7	1	33Sp8 100uM
5	1	7	2	44Sp8 100uM
5	1	7	3	0
5	1	7	4	33Sp8 100uM
5	1	7	5	44Sp8 100uM
5	1	7	6	0
5	1	7	7	33Sp8 100uM
5	1	7	8	44Sp8 100uM
5	1	7	9	0
5	1	8	1	159Sp8 100uM
5	1	8	2	bio
5	1	8	3	270Sp0 100uM
5	1	8	4	159Sp8 100uM
5	1	8	5	bio
5	1	8	6	270Sp0 100uM
5	1	8	7	159Sp8 100uM
5	1	8	8	bio
5	1	8	9	270Sp0 100uM
5	1	9	1	67Sp0 100uM
5	1	9	2	0
5	1	9	3	208Sp0 100uM
5	1	9	4	67Sp8 100uM
5	1	9	5	0
5	1	9	6	208Sp0 100uM
5	1	9	7	67Sp8 100uM
5	1	9	8	0
5	1	9	9	208Sp0 100uM
5	1	10	1	22Sp8 100uM
5	1	10	2	300Sp0 100uM
5	1	10	3	0
5	1	10	4	22Sp8 100uM
5	1	10	5	300Sp0 100uM
5	1	10	6	0
5	1	10	7	22Sp8 100uM
5	1	10	8	300Sp0 100uM
5	1	10	9	0
5	1	11	1	147Sp0 100uM
5	1	11	2	244Sp8 100uM
5	1	11	3	258Sp0 100uM
5	1	11	4	147Sp0 100uM
5	1	11	5	244Sp8 100uM
5	1	11	6	258Sp0 100uM
5	1	11	7	147Sp0 100uM
5	1	11	8	244Sp8 100uM
5	1	11	9	258Sp0 100uM
5	1	12	1	57Sp0 100uM
5	1	12	2	0
5	1	12	3	188Sp0 100uM
5	1	12	4	57Sp0 100uM
5	1	12	5	0
5	1	12	6	188Sp0 100uM
5	1	12	7	57Sp0 100uM
5	1	12	8	0
5	1	12	9	188Sp0 100uM
5	1	13	1	12Sp8 100uM
5	1	13	2	283Sp0 100uM
5	1	13	3	170Sp8 100uM
5	1	13	4	12Sp8 100uM
5	1	13	5	283Sp0 100uM
5	1	13	6	170Sp8 100uM
5	1	13	7	12Sp8 100uM
5	1	13	8	283Sp0 100uM
5	1	13	9	170Sp8 100uM
5	1	14	1	134Sp8 100uM
5	1	14	2	230Sp0 100uM
5	1	14	3	77Sp8 100uM
5	1	14	4	134Sp8 100uM
5	1	14	5	230Sp0 100uM
5	1	14	6	77Sp8 100uM
5	1	14	7	134Sp8 100uM
5	1	14	8	230Sp0 100uM
5	1	14	9	77Sp8 100uM
5	1	15	1	44Sp8 100uM
5	1	15	2	0
5	1	15	3	33Sp8 100uM
5	1	15	4	44Sp8 100uM
5	1	15	5	0
5	1	15	6	33Sp8 100uM
5	1	15	7	44Sp8 100uM
5	1	15	8	0
5	1	15	9	33Sp8 100uM
5	1	16	1	bio
5	1	16	2	270Sp0 100uM
5	1	16	3	159Sp8 100uM
5	1	16	4	bio
5	1	16	5	270Sp0 100uM
5	1	16	6	159Sp8 100uM
5	1	16	7	bio
5	1	16	8	270Sp0 100uM
5	1	16	9	159Sp8 100uM
5	2	1	1	211Sp8 100uM
5	2	1	2	67Sp0 100uM
5	2	1	3	0
5	2	1	4	211Sp8 100uM
5	2	1	5	67Sp0 100uM
5	2	1	6	0
5	2	1	7	211Sp8 100uM
5	2	1	8	67Sp0 100uM
5	2	1	9	0
5	2	2	1	0
5	2	2	2	23Sp0 100uM
5	2	2	3	301Sp0 100uM
5	2	2	4	0
5	2	2	5	23Sp0 100uM
5	2	2	6	301Sp0 100uM
5	2	2	7	0
5	2	2	8	23Sp0 100uM
5	2	2	9	301Sp0 100uM
5	2	3	1	258Sp8 100uM
5	2	3	2	148Sp0 100uM
5	2	3	3	245Sp8 100uM
5	2	3	4	258Sp8 100uM
5	2	3	5	148Sp0 100uM
5	2	3	6	245Sp8 100uM
5	2	3	7	258Sp8 100uM
5	2	3	8	148Sp0 100uM
5	2	3	9	245Sp8 100uM
5	2	4	1	189Sp0 100uM
5	2	4	2	57Sp9 100uM
5	2	4	3	0
5	2	4	4	189Sp0 100uM
5	2	4	5	57Sp9 100uM
5	2	4	6	0
5	2	4	7	189Sp0 100uM
5	2	4	8	57Sp9 100uM
5	2	4	9	0
5	2	5	1	171Sp8 100uM
5	2	5	2	13Sp8 100uM
5	2	5	3	284Sp0 100uM
5	2	5	4	171Sp8 100uM
5	2	5	5	13Sp8 100uM
5	2	5	6	284Sp0 100uM
5	2	5	7	171Sp8 100uM
5	2	5	8	13Sp8 100uM
5	2	5	9	284Sp0 100uM
5	2	6	1	78Sp0 100uM
5	2	6	2	136Sp0 100uM
5	2	6	3	230Sp8 100uM
5	2	6	4	78Sp0 100uM
5	2	6	5	136Sp0 100uM
5	2	6	6	230Sp8 100uM
5	2	6	7	78Sp0 100uM
5	2	6	8	136Sp0 100uM
5	2	6	9	230Sp8 100uM
5	2	7	1	34Sp0 100uM
5	2	7	2	46Sp8 100uM
5	2	7	3	0
5	2	7	4	34Sp0 100uM
5	2	7	5	46Sp8 100uM
5	2	7	6	0
5	2	7	7	34Sp0 100uM
5	2	7	8	46Sp8 100uM
5	2	7	9	0
5	2	8	1	161Sp8 100uM
5	2	8	2	bio
5	2	8	3	271Sp0 100uM
5	2	8	4	161Sp8 100uM
5	2	8	5	bio
5	2	8	6	271Sp0 100uM
5	2	8	7	161Sp8 100uM
5	2	8	8	bio
5	2	8	9	271Sp0 100uM
5	2	9	1	67Sp8 100uM
5	2	9	2	0
5	2	9	3	211Sp8 100uM
5	2	9	4	67Sp0 100uM
5	2	9	5	0
5	2	9	6	211Sp8 100uM
5	2	9	7	67Sp0 100uM
5	2	9	8	0
5	2	9	9	211Sp8 100uM
5	2	10	1	23Sp0 100uM
5	2	10	2	301Sp0 100uM
5	2	10	3	0
5	2	10	4	23Sp0 100uM
5	2	10	5	301Sp0 100uM
5	2	10	6	0
5	2	10	7	23Sp0 100uM
5	2	10	8	301Sp0 100uM
5	2	10	9	0
5	2	11	1	148Sp0 100uM
5	2	11	2	245Sp8 100uM
5	2	11	3	258Sp8 100uM
5	2	11	4	148Sp0 100uM
5	2	11	5	245Sp8 100uM
5	2	11	6	258Sp8 100uM
5	2	11	7	148Sp0 100uM
5	2	11	8	245Sp8 100uM
5	2	11	9	258Sp8 100uM
5	2	12	1	57Sp9 100uM
5	2	12	2	0
5	2	12	3	189Sp0 100uM
5	2	12	4	57Sp9 100uM
5	2	12	5	0
5	2	12	6	189Sp0 100uM
5	2	12	7	57Sp9 100uM
5	2	12	8	0
5	2	12	9	189Sp0 100uM
5	2	13	1	13Sp8 100uM
5	2	13	2	284Sp0 100uM
5	2	13	3	171Sp8 100uM
5	2	13	4	13Sp8 100uM
5	2	13	5	284Sp0 100uM
5	2	13	6	171Sp8 100uM
5	2	13	7	13Sp8 100uM
5	2	13	8	284Sp0 100uM
5	2	13	9	171Sp8 100uM
5	2	14	1	136Sp0 100uM
5	2	14	2	230Sp8 100uM
5	2	14	3	78Sp0 100uM
5	2	14	4	136Sp0 100uM
5	2	14	5	230Sp8 100uM
5	2	14	6	78Sp0 100uM
5	2	14	7	136Sp0 100uM
5	2	14	8	230Sp8 100uM
5	2	14	9	78Sp0 100uM
5	2	15	1	46Sp8 100uM
5	2	15	2	0
5	2	15	3	34Sp0 100uM
5	2	15	4	46Sp8 100uM
5	2	15	5	0
5	2	15	6	34Sp0 100uM
5	2	15	7	46Sp8 100uM
5	2	15	8	0
5	2	15	9	34Sp0 100uM
5	2	16	1	bio
5	2	16	2	271Sp0 100uM
5	2	16	3	161Sp8 100uM
5	2	16	4	bio
5	2	16	5	271Sp0 100uM
5	2	16	6	161Sp8 100uM
5	2	16	7	bio
5	2	16	8	271Sp0 100uM
5	2	16	9	161Sp8 100uM
5	3	1	1	208Sp0 10uM
5	3	1	2	67Sp8 10uM
5	3	1	3	0
5	3	1	4	208Sp0 10uM
5	3	1	5	67Sp8 10uM
5	3	1	6	0
5	3	1	7	208Sp0 10uM
5	3	1	8	67Sp8 10uM
5	3	1	9	0
5	3	2	1	0
5	3	2	2	22Sp8 10uM
5	3	2	3	300Sp0 10uM
5	3	2	4	0
5	3	2	5	22Sp8 10uM
5	3	2	6	300Sp0 10uM
5	3	2	7	0
5	3	2	8	22Sp8 10uM
5	3	2	9	300Sp0 10uM
5	3	3	1	258Sp0 10uM
5	3	3	2	147Sp0 10uM
5	3	3	3	244Sp8 10uM
5	3	3	4	258Sp0 10uM
5	3	3	5	147Sp0 10uM
5	3	3	6	244Sp8 10uM
5	3	3	7	258Sp0 10uM
5	3	3	8	147Sp0 10uM
5	3	3	9	244Sp8 10uM
5	3	4	1	188Sp0 10uM
5	3	4	2	57Sp0 10uM
5	3	4	3	0
5	3	4	4	188Sp0 10uM
5	3	4	5	57Sp0 10uM
5	3	4	6	0
5	3	4	7	188Sp0 10uM
5	3	4	8	57Sp0 10uM
5	3	4	9	0
5	3	5	1	170Sp8 10uM
5	3	5	2	12Sp8 10uM
5	3	5	3	283Sp0 10uM
5	3	5	4	170Sp8 10uM
5	3	5	5	12Sp8 10uM
5	3	5	6	283Sp0 10uM
5	3	5	7	170Sp8 10uM
5	3	5	8	12Sp8 10uM
5	3	5	9	283Sp0 10uM
5	3	6	1	77Sp8 10uM
5	3	6	2	134Sp8 10uM
5	3	6	3	230Sp0 10uM
5	3	6	4	77Sp8 10uM
5	3	6	5	134Sp8 10uM
5	3	6	6	230Sp0 10uM
5	3	6	7	77Sp8 10uM
5	3	6	8	134Sp8 10uM
5	3	6	9	230Sp0 10uM
5	3	7	1	33Sp8 10uM
5	3	7	2	44Sp8 10uM
5	3	7	3	0
5	3	7	4	33Sp8 10uM
5	3	7	5	44Sp8 10uM
5	3	7	6	0
5	3	7	7	33Sp8 10uM
5	3	7	8	44Sp8 10uM
5	3	7	9	0
5	3	8	1	159Sp8 10uM
5	3	8	2	bio
5	3	8	3	270Sp0 10uM
5	3	8	4	159Sp8 10uM
5	3	8	5	bio
5	3	8	6	270Sp0 10uM
5	3	8	7	159Sp8 10uM
5	3	8	8	bio
5	3	8	9	270Sp0 10uM
5	3	9	1	67Sp0 10uM
5	3	9	2	0
5	3	9	3	208Sp0 10uM
5	3	9	4	67Sp8 10uM
5	3	9	5	0
5	3	9	6	208Sp0 10uM
5	3	9	7	67Sp8 10uM
5	3	9	8	0
5	3	9	9	208Sp0 10uM
5	3	10	1	22Sp8 10uM
5	3	10	2	300Sp0 10uM
5	3	10	3	0
5	3	10	4	22Sp8 10uM
5	3	10	5	300Sp0 10uM
5	3	10	6	0
5	3	10	7	22Sp8 10uM
5	3	10	8	300Sp0 10uM
5	3	10	9	0
5	3	11	1	147Sp0 10uM
5	3	11	2	244Sp8 10uM
5	3	11	3	258Sp0 10uM
5	3	11	4	147Sp0 10uM
5	3	11	5	244Sp8 10uM
5	3	11	6	258Sp0 10uM
5	3	11	7	147Sp0 10uM
5	3	11	8	244Sp8 10uM
5	3	11	9	258Sp0 10uM
5	3	12	1	57Sp0 10uM
5	3	12	2	0
5	3	12	3	188Sp0 10uM
5	3	12	4	57Sp0 10uM
5	3	12	5	0
5	3	12	6	188Sp0 10uM
5	3	12	7	57Sp0 10uM
5	3	12	8	0
5	3	12	9	188Sp0 10uM
5	3	13	1	12Sp8 10uM
5	3	13	2	283Sp0 10uM
5	3	13	3	170Sp8 10uM
5	3	13	4	12Sp8 10uM
5	3	13	5	283Sp0 10uM
5	3	13	6	170Sp8 10uM
5	3	13	7	12Sp8 10uM
5	3	13	8	283Sp0 10uM
5	3	13	9	170Sp8 10uM
5	3	14	1	134Sp8 10uM
5	3	14	2	230Sp0 10uM
5	3	14	3	77Sp8 10uM
5	3	14	4	134Sp8 10uM
5	3	14	5	230Sp0 10uM
5	3	14	6	77Sp8 10uM
5	3	14	7	134Sp8 10uM
5	3	14	8	230Sp0 10uM
5	3	14	9	77Sp8 10uM
5	3	15	1	44Sp8 10uM
5	3	15	2	0
5	3	15	3	33Sp8 10uM
5	3	15	4	44Sp8 10uM
5	3	15	5	0
5	3	15	6	33Sp8 10uM
5	3	15	7	44Sp8 10uM
5	3	15	8	0
5	3	15	9	33Sp8 10uM
5	3	16	1	bio
5	3	16	2	270Sp0 10uM
5	3	16	3	159Sp8 10uM
5	3	16	4	bio
5	3	16	5	270Sp0 10uM
5	3	16	6	159Sp8 10uM
5	3	16	7	bio
5	3	16	8	270Sp0 10uM
5	3	16	9	159Sp8 10uM
5	4	1	1	211Sp8 10uM
5	4	1	2	67Sp0 10uM
5	4	1	3	0
5	4	1	4	211Sp8 10uM
5	4	1	5	67Sp0 10uM
5	4	1	6	0
5	4	1	7	211Sp8 10uM
5	4	1	8	67Sp0 10uM
5	4	1	9	0
5	4	2	1	0
5	4	2	2	23Sp0 10uM
5	4	2	3	301Sp0 10uM
5	4	2	4	0
5	4	2	5	23Sp0 10uM
5	4	2	6	301Sp0 10uM
5	4	2	7	0
5	4	2	8	23Sp0 10uM
5	4	2	9	301Sp0 10uM
5	4	3	1	258Sp8 10uM
5	4	3	2	148Sp0 10uM
5	4	3	3	245Sp8 10uM
5	4	3	4	258Sp8 10uM
5	4	3	5	148Sp0 10uM
5	4	3	6	245Sp8 10uM
5	4	3	7	258Sp8 10uM
5	4	3	8	148Sp0 10uM
5	4	3	9	245Sp8 10uM
5	4	4	1	189Sp0 10uM
5	4	4	2	57Sp9 10uM
5	4	4	3	0
5	4	4	4	189Sp0 10uM
5	4	4	5	57Sp9 10uM
5	4	4	6	0
5	4	4	7	189Sp0 10uM
5	4	4	8	57Sp9 10uM
5	4	4	9	0
5	4	5	1	171Sp8 10uM
5	4	5	2	13Sp8 10uM
5	4	5	3	284Sp0 10uM
5	4	5	4	171Sp8 10uM
5	4	5	5	13Sp8 10uM
5	4	5	6	284Sp0 10uM
5	4	5	7	171Sp8 10uM
5	4	5	8	13Sp8 10uM
5	4	5	9	284Sp0 10uM
5	4	6	1	78Sp0 10uM
5	4	6	2	136Sp0 10uM
5	4	6	3	230Sp8 10uM
5	4	6	4	78Sp0 10uM
5	4	6	5	136Sp0 10uM
5	4	6	6	230Sp8 10uM
5	4	6	7	78Sp0 10uM
5	4	6	8	136Sp0 10uM
5	4	6	9	230Sp8 10uM
5	4	7	1	34Sp0 10uM
5	4	7	2	46Sp8 10uM
5	4	7	3	0
5	4	7	4	34Sp0 10uM
5	4	7	5	46Sp8 10uM
5	4	7	6	0
5	4	7	7	34Sp0 10uM
5	4	7	8	46Sp8 10uM
5	4	7	9	0
5	4	8	1	161Sp8 10uM
5	4	8	2	bio
5	4	8	3	271Sp0 10uM
5	4	8	4	161Sp8 10uM
5	4	8	5	bio
5	4	8	6	271Sp0 10uM
5	4	8	7	161Sp8 10uM
5	4	8	8	bio
5	4	8	9	271Sp0 10uM
5	4	9	1	67Sp8 10uM
5	4	9	2	0
5	4	9	3	211Sp8 10uM
5	4	9	4	67Sp0 10uM
5	4	9	5	0
5	4	9	6	211Sp8 10uM
5	4	9	7	67Sp0 10uM
5	4	9	8	0
5	4	9	9	211Sp8 10uM
5	4	10	1	23Sp0 10uM
5	4	10	2	301Sp0 10uM
5	4	10	3	0
5	4	10	4	23Sp0 10uM
5	4	10	5	301Sp0 10uM
5	4	10	6	0
5	4	10	7	23Sp0 10uM
5	4	10	8	301Sp0 10uM
5	4	10	9	0
5	4	11	1	148Sp0 10uM
5	4	11	2	245Sp8 10uM
5	4	11	3	258Sp8 10uM
5	4	11	4	148Sp0 10uM
5	4	11	5	245Sp8 10uM
5	4	11	6	258Sp8 10uM
5	4	11	7	148Sp0 10uM
5	4	11	8	245Sp8 10uM
5	4	11	9	258Sp8 10uM
5	4	12	1	57Sp9 10uM
5	4	12	2	0
5	4	12	3	189Sp0 10uM
5	4	12	4	57Sp9 10uM
5	4	12	5	0
5	4	12	6	189Sp0 10uM
5	4	12	7	57Sp9 10uM
5	4	12	8	0
5	4	12	9	189Sp0 10uM
5	4	13	1	13Sp8 10uM
5	4	13	2	284Sp0 10uM
5	4	13	3	171Sp8 10uM
5	4	13	4	13Sp8 10uM
5	4	13	5	284Sp0 10uM
5	4	13	6	171Sp8 10uM
5	4	13	7	13Sp8 10uM
5	4	13	8	284Sp0 10uM
5	4	13	9	171Sp8 10uM
5	4	14	1	136Sp0 10uM
5	4	14	2	230Sp8 10uM
5	4	14	3	78Sp0 10uM
5	4	14	4	136Sp0 10uM
5	4	14	5	230Sp8 10uM
5	4	14	6	78Sp0 10uM
5	4	14	7	136Sp0 10uM
5	4	14	8	230Sp8 10uM
5	4	14	9	78Sp0 10uM
5	4	15	1	46Sp8 10uM
5	4	15	2	0
5	4	15	3	34Sp0 10uM
5	4	15	4	46Sp8 10uM
5	4	15	5	0
5	4	15	6	34Sp0 10uM
5	4	15	7	46Sp8 10uM
5	4	15	8	0
5	4	15	9	34Sp0 10uM
5	4	16	1	bio
5	4	16	2	271Sp0 10uM
5	4	16	3	161Sp8 10uM
5	4	16	4	bio
5	4	16	5	271Sp0 10uM
5	4	16	6	161Sp8 10uM
5	4	16	7	bio
5	4	16	8	271Sp0 10uM
5	4	16	9	161Sp8 10uM
6	1	1	1	203N 100uM
6	1	1	2	65Sp0 100uM
6	1	1	3	0
6	1	1	4	203N 100uM
6	1	1	5	65Sp0 100uM
6	1	1	6	0
6	1	1	7	203N 100uM
6	1	1	8	65Sp0 100uM
6	1	1	9	0
6	1	2	1	0
6	1	2	2	20Sp8 100uM
6	1	2	3	298Sp0 100uM
6	1	2	4	0
6	1	2	5	20Sp8 100uM
6	1	2	6	298Sp0 100uM
6	1	2	7	0
6	1	2	8	20Sp8 100uM
6	1	2	9	298Sp0 100uM
6	1	3	1	210Sp0 100uM
6	1	3	2	145Sp0 100uM
6	1	3	3	240Sp8 100uM
6	1	3	4	210Sp0 100uM
6	1	3	5	145Sp0 100uM
6	1	3	6	240Sp8 100uM
6	1	3	7	210Sp0 100uM
6	1	3	8	145Sp0 100uM
6	1	3	9	240Sp8 100uM
6	1	4	1	186Sp8 100uM
6	1	4	2	54Sp8 100uM
6	1	4	3	0
6	1	4	4	186Sp8 100uM
6	1	4	5	54Sp8 100uM
6	1	4	6	0
6	1	4	7	186Sp8 100uM
6	1	4	8	54Sp8 100uM
6	1	4	9	0
6	1	5	1	168Sp8 100uM
6	1	5	2	11Sp8 100uM
6	1	5	3	281Sp0 100uM
6	1	5	4	168Sp8 100uM
6	1	5	5	11Sp8 100uM
6	1	5	6	281Sp0 100uM
6	1	5	7	168Sp8 100uM
6	1	5	8	11Sp8 100uM
6	1	5	9	281Sp0 100uM
6	1	6	1	76Sp0 100uM
6	1	6	2	133Sp10 100uM
6	1	6	3	227Sp8 100uM
6	1	6	4	76Sp0 100uM
6	1	6	5	133Sp10 100uM
6	1	6	6	227Sp8 100uM
6	1	6	7	76Sp0 100uM
6	1	6	8	133Sp10 100uM
6	1	6	9	227Sp8 100uM
6	1	7	1	32Sp0 100uM
6	1	7	2	42Sp8 100uM
6	1	7	3	0
6	1	7	4	32Sp0 100uM
6	1	7	5	42Sp8 100uM
6	1	7	6	0
6	1	7	7	32Sp0 100uM
6	1	7	8	42Sp8 100uM
6	1	7	9	0
6	1	8	1	156Sp8 100uM
6	1	8	2	bio
6	1	8	3	268Sp8 100uM
6	1	8	4	156Sp8 100uM
6	1	8	5	bio
6	1	8	6	268Sp8 100uM
6	1	8	7	156Sp8 100uM
6	1	8	8	bio
6	1	8	9	268Sp8 100uM
6	1	9	1	65Sp0 100uM
6	1	9	2	0
6	1	9	3	203N 100uM
6	1	9	4	65Sp0 100uM
6	1	9	5	0
6	1	9	6	203N 100uM
6	1	9	7	65Sp0 100uM
6	1	9	8	0
6	1	9	9	203N 100uM
6	1	10	1	20Sp8 100uM
6	1	10	2	298Sp0 100uM
6	1	10	3	0
6	1	10	4	20Sp8 100uM
6	1	10	5	298Sp0 100uM
6	1	10	6	0
6	1	10	7	20Sp8 100uM
6	1	10	8	298Sp0 100uM
6	1	10	9	0
6	1	11	1	145Sp0 100uM
6	1	11	2	240Sp8 100uM
6	1	11	3	210Sp0 100uM
6	1	11	4	145Sp0 100uM
6	1	11	5	240Sp8 100uM
6	1	11	6	210Sp0 100uM
6	1	11	7	145Sp0 100uM
6	1	11	8	240Sp8 100uM
6	1	11	9	210Sp0 100uM
6	1	12	1	54Sp8 100uM
6	1	12	2	0
6	1	12	3	186Sp8 100uM
6	1	12	4	54Sp8 100uM
6	1	12	5	0
6	1	12	6	186Sp8 100uM
6	1	12	7	54Sp8 100uM
6	1	12	8	0
6	1	12	9	186Sp8 100uM
6	1	13	1	11Sp8 100uM
6	1	13	2	281Sp0 100uM
6	1	13	3	168Sp8 100uM
6	1	13	4	11Sp8 100uM
6	1	13	5	281Sp0 100uM
6	1	13	6	168Sp8 100uM
6	1	13	7	11Sp8 100uM
6	1	13	8	281Sp0 100uM
6	1	13	9	168Sp8 100uM
6	1	14	1	133Sp10 100uM
6	1	14	2	227Sp8 100uM
6	1	14	3	76Sp0 100uM
6	1	14	4	133Sp10 100uM
6	1	14	5	227Sp8 100uM
6	1	14	6	76Sp0 100uM
6	1	14	7	133Sp10 100uM
6	1	14	8	227Sp8 100uM
6	1	14	9	76Sp0 100uM
6	1	15	1	42Sp8 100uM
6	1	15	2	0
6	1	15	3	32Sp0 100uM
6	1	15	4	42Sp8 100uM
6	1	15	5	0
6	1	15	6	32Sp0 100uM
6	1	15	7	42Sp8 100uM
6	1	15	8	0
6	1	15	9	32Sp0 100uM
6	1	16	1	bio
6	1	16	2	268Sp8 100uM
6	1	16	3	156Sp8 100uM
6	1	16	4	bio
6	1	16	5	268Sp8 100uM
6	1	16	6	156Sp8 100uM
6	1	16	7	bio
6	1	16	8	268Sp8 100uM
6	1	16	9	156Sp8 100uM
6	2	1	1	205N 100uM
6	2	1	2	66Sp0 100uM
6	2	1	3	0
6	2	1	4	205N 100uM
6	2	1	5	66Sp0 100uM
6	2	1	6	0
6	2	1	7	205N 100uM
6	2	1	8	66Sp0 100uM
6	2	1	9	0
6	2	2	1	0
6	2	2	2	21Sp8 100uM
6	2	2	3	299Sp0 100uM
6	2	2	4	0
6	2	2	5	21Sp8 100uM
6	2	2	6	299Sp0 100uM
6	2	2	7	0
6	2	2	8	21Sp8 100uM
6	2	2	9	299Sp0 100uM
6	2	3	1	257Sp0 100uM
6	2	3	2	146Sp0 100uM
6	2	3	3	243Sp8 100uM
6	2	3	4	257Sp0 100uM
6	2	3	5	146Sp0 100uM
6	2	3	6	243Sp8 100uM
6	2	3	7	257Sp0 100uM
6	2	3	8	146Sp0 100uM
6	2	3	9	243Sp8 100uM
6	2	4	1	187Sp8 100uM
6	2	4	2	56Sp8 100uM
6	2	4	3	0
6	2	4	4	187Sp8 100uM
6	2	4	5	56Sp8 100uM
6	2	4	6	0
6	2	4	7	187Sp8 100uM
6	2	4	8	56Sp8 100uM
6	2	4	9	0
6	2	5	1	169Sp8 100uM
6	2	5	2	11Sp9 100uM
6	2	5	3	282Sp0 100uM
6	2	5	4	169Sp8 100uM
6	2	5	5	11Sp9 100uM
6	2	5	6	282Sp0 100uM
6	2	5	7	169Sp8 100uM
6	2	5	8	11Sp9 100uM
6	2	5	9	282Sp0 100uM
6	2	6	1	77Sp0 100uM
6	2	6	2	134Sp0 100uM
6	2	6	3	229Sp8 100uM
6	2	6	4	77Sp0 100uM
6	2	6	5	134Sp0 100uM
6	2	6	6	229Sp8 100uM
6	2	6	7	77Sp0 100uM
6	2	6	8	134Sp0 100uM
6	2	6	9	229Sp8 100uM
6	2	7	1	32Sp8 100uM
6	2	7	2	43Sp8 100uM
6	2	7	3	0
6	2	7	4	32Sp8 100uM
6	2	7	5	43Sp8 100uM
6	2	7	6	0
6	2	7	7	32Sp8 100uM
6	2	7	8	43Sp8 100uM
6	2	7	9	0
6	2	8	1	158Sp8 100uM
6	2	8	2	bio
6	2	8	3	269Sp0 100uM
6	2	8	4	158Sp8 100uM
6	2	8	5	bio
6	2	8	6	269Sp0 100uM
6	2	8	7	158Sp8 100uM
6	2	8	8	bio
6	2	8	9	269Sp0 100uM
6	2	9	1	66Sp0 100uM
6	2	9	2	0
6	2	9	3	205N 100uM
6	2	9	4	66Sp0 100uM
6	2	9	5	0
6	2	9	6	205N 100uM
6	2	9	7	66Sp0 100uM
6	2	9	8	0
6	2	9	9	205N 100uM
6	2	10	1	21Sp8 100uM
6	2	10	2	299Sp0 100uM
6	2	10	3	0
6	2	10	4	21Sp8 100uM
6	2	10	5	299Sp0 100uM
6	2	10	6	0
6	2	10	7	21Sp8 100uM
6	2	10	8	299Sp0 100uM
6	2	10	9	0
6	2	11	1	146Sp0 100uM
6	2	11	2	243Sp8 100uM
6	2	11	3	257Sp0 100uM
6	2	11	4	146Sp0 100uM
6	2	11	5	243Sp8 100uM
6	2	11	6	257Sp0 100uM
6	2	11	7	146Sp0 100uM
6	2	11	8	243Sp8 100uM
6	2	11	9	257Sp0 100uM
6	2	12	1	56Sp8 100uM
6	2	12	2	0
6	2	12	3	187Sp8 100uM
6	2	12	4	56Sp8 100uM
6	2	12	5	0
6	2	12	6	187Sp8 100uM
6	2	12	7	56Sp8 100uM
6	2	12	8	0
6	2	12	9	187Sp8 100uM
6	2	13	1	11Sp9 100uM
6	2	13	2	282Sp0 100uM
6	2	13	3	169Sp8 100uM
6	2	13	4	11Sp9 100uM
6	2	13	5	282Sp0 100uM
6	2	13	6	169Sp8 100uM
6	2	13	7	11Sp9 100uM
6	2	13	8	282Sp0 100uM
6	2	13	9	169Sp8 100uM
6	2	14	1	134Sp0 100uM
6	2	14	2	229Sp8 100uM
6	2	14	3	77Sp0 100uM
6	2	14	4	134Sp0 100uM
6	2	14	5	229Sp8 100uM
6	2	14	6	77Sp0 100uM
6	2	14	7	134Sp0 100uM
6	2	14	8	229Sp8 100uM
6	2	14	9	77Sp0 100uM
6	2	15	1	43Sp8 100uM
6	2	15	2	0
6	2	15	3	32Sp8 100uM
6	2	15	4	43Sp8 100uM
6	2	15	5	0
6	2	15	6	32Sp8 100uM
6	2	15	7	43Sp8 100uM
6	2	15	8	0
6	2	15	9	32Sp8 100uM
6	2	16	1	bio
6	2	16	2	269Sp0 100uM
6	2	16	3	158Sp8 100uM
6	2	16	4	bio
6	2	16	5	269Sp0 100uM
6	2	16	6	158Sp8 100uM
6	2	16	7	bio
6	2	16	8	269Sp0 100uM
6	2	16	9	158Sp8 100uM
6	3	1	1	203N 10uM
6	3	1	2	65Sp0 10uM
6	3	1	3	0
6	3	1	4	203N 10uM
6	3	1	5	65Sp0 10uM
6	3	1	6	0
6	3	1	7	203N 10uM
6	3	1	8	65Sp0 10uM
6	3	1	9	0
6	3	2	1	0
6	3	2	2	20Sp8 10uM
6	3	2	3	298Sp0 10uM
6	3	2	4	0
6	3	2	5	20Sp8 10uM
6	3	2	6	298Sp0 10uM
6	3	2	7	0
6	3	2	8	20Sp8 10uM
6	3	2	9	298Sp0 10uM
6	3	3	1	210Sp0 10uM
6	3	3	2	145Sp0 10uM
6	3	3	3	240Sp8 10uM
6	3	3	4	210Sp0 10uM
6	3	3	5	145Sp0 10uM
6	3	3	6	240Sp8 10uM
6	3	3	7	210Sp0 10uM
6	3	3	8	145Sp0 10uM
6	3	3	9	240Sp8 10uM
6	3	4	1	186Sp8 10uM
6	3	4	2	54Sp8 10uM
6	3	4	3	0
6	3	4	4	186Sp8 10uM
6	3	4	5	54Sp8 10uM
6	3	4	6	0
6	3	4	7	186Sp8 10uM
6	3	4	8	54Sp8 10uM
6	3	4	9	0
6	3	5	1	168Sp8 10uM
6	3	5	2	11Sp8 10uM
6	3	5	3	281Sp0 10uM
6	3	5	4	168Sp8 10uM
6	3	5	5	11Sp8 10uM
6	3	5	6	281Sp0 10uM
6	3	5	7	168Sp8 10uM
6	3	5	8	11Sp8 10uM
6	3	5	9	281Sp0 10uM
6	3	6	1	76Sp0 10uM
6	3	6	2	133Sp10 10uM
6	3	6	3	227Sp8 10uM
6	3	6	4	76Sp0 10uM
6	3	6	5	133Sp10 10uM
6	3	6	6	227Sp8 10uM
6	3	6	7	76Sp0 10uM
6	3	6	8	133Sp10 10uM
6	3	6	9	227Sp8 10uM
6	3	7	1	32Sp0 10uM
6	3	7	2	42Sp8 10uM
6	3	7	3	0
6	3	7	4	32Sp0 10uM
6	3	7	5	42Sp8 10uM
6	3	7	6	0
6	3	7	7	32Sp0 10uM
6	3	7	8	42Sp8 10uM
6	3	7	9	0
6	3	8	1	156Sp8 10uM
6	3	8	2	bio
6	3	8	3	268Sp8 10uM
6	3	8	4	156Sp8 10uM
6	3	8	5	bio
6	3	8	6	268Sp8 10uM
6	3	8	7	156Sp8 10uM
6	3	8	8	bio
6	3	8	9	268Sp8 10uM
6	3	9	1	65Sp0 10uM
6	3	9	2	0
6	3	9	3	203N 10uM
6	3	9	4	65Sp0 10uM
6	3	9	5	0
6	3	9	6	203N 10uM
6	3	9	7	65Sp0 10uM
6	3	9	8	0
6	3	9	9	203N 10uM
6	3	10	1	20Sp8 10uM
6	3	10	2	298Sp0 10uM
6	3	10	3	0
6	3	10	4	20Sp8 10uM
6	3	10	5	298Sp0 10uM
6	3	10	6	0
6	3	10	7	20Sp8 10uM
6	3	10	8	298Sp0 10uM
6	3	10	9	0
6	3	11	1	145Sp0 10uM
6	3	11	2	240Sp8 10uM
6	3	11	3	210Sp0 10uM
6	3	11	4	145Sp0 10uM
6	3	11	5	240Sp8 10uM
6	3	11	6	210Sp0 10uM
6	3	11	7	145Sp0 10uM
6	3	11	8	240Sp8 10uM
6	3	11	9	210Sp0 10uM
6	3	12	1	54Sp8 10uM
6	3	12	2	0
6	3	12	3	186Sp8 10uM
6	3	12	4	54Sp8 10uM
6	3	12	5	0
6	3	12	6	186Sp8 10uM
6	3	12	7	54Sp8 10uM
6	3	12	8	0
6	3	12	9	186Sp8 10uM
6	3	13	1	11Sp8 10uM
6	3	13	2	281Sp0 10uM
6	3	13	3	168Sp8 10uM
6	3	13	4	11Sp8 10uM
6	3	13	5	281Sp0 10uM
6	3	13	6	168Sp8 10uM
6	3	13	7	11Sp8 10uM
6	3	13	8	281Sp0 10uM
6	3	13	9	168Sp8 10uM
6	3	14	1	133Sp10 10uM
6	3	14	2	227Sp8 10uM
6	3	14	3	76Sp0 10uM
6	3	14	4	133Sp10 10uM
6	3	14	5	227Sp8 10uM
6	3	14	6	76Sp0 10uM
6	3	14	7	133Sp10 10uM
6	3	14	8	227Sp8 10uM
6	3	14	9	76Sp0 10uM
6	3	15	1	42Sp8 10uM
6	3	15	2	0
6	3	15	3	32Sp0 10uM
6	3	15	4	42Sp8 10uM
6	3	15	5	0
6	3	15	6	32Sp0 10uM
6	3	15	7	42Sp8 10uM
6	3	15	8	0
6	3	15	9	32Sp0 10uM
6	3	16	1	bio
6	3	16	2	268Sp8 10uM
6	3	16	3	156Sp8 10uM
6	3	16	4	bio
6	3	16	5	268Sp8 10uM
6	3	16	6	156Sp8 10uM
6	3	16	7	bio
6	3	16	8	268Sp8 10uM
6	3	16	9	156Sp8 10uM
6	4	1	1	205N 10uM
6	4	1	2	66Sp0 10uM
6	4	1	3	0
6	4	1	4	205N 10uM
6	4	1	5	66Sp0 10uM
6	4	1	6	0
6	4	1	7	205N 10uM
6	4	1	8	66Sp0 10uM
6	4	1	9	0
6	4	2	1	0
6	4	2	2	21Sp8 10uM
6	4	2	3	299Sp0 10uM
6	4	2	4	0
6	4	2	5	21Sp8 10uM
6	4	2	6	299Sp0 10uM
6	4	2	7	0
6	4	2	8	21Sp8 10uM
6	4	2	9	299Sp0 10uM
6	4	3	1	257Sp0 10uM
6	4	3	2	146Sp0 10uM
6	4	3	3	243Sp8 10uM
6	4	3	4	257Sp0 10uM
6	4	3	5	146Sp0 10uM
6	4	3	6	243Sp8 10uM
6	4	3	7	257Sp0 10uM
6	4	3	8	146Sp0 10uM
6	4	3	9	243Sp8 10uM
6	4	4	1	187Sp8 10uM
6	4	4	2	56Sp8 10uM
6	4	4	3	0
6	4	4	4	187Sp8 10uM
6	4	4	5	56Sp8 10uM
6	4	4	6	0
6	4	4	7	187Sp8 10uM
6	4	4	8	56Sp8 10uM
6	4	4	9	0
6	4	5	1	169Sp8 10uM
6	4	5	2	11Sp9 10uM
6	4	5	3	282Sp0 10uM
6	4	5	4	169Sp8 10uM
6	4	5	5	11Sp9 10uM
6	4	5	6	282Sp0 10uM
6	4	5	7	169Sp8 10uM
6	4	5	8	11Sp9 10uM
6	4	5	9	282Sp0 10uM
6	4	6	1	77Sp0 10uM
6	4	6	2	134Sp0 10uM
6	4	6	3	229Sp8 10uM
6	4	6	4	77Sp0 10uM
6	4	6	5	134Sp0 10uM
6	4	6	6	229Sp8 10uM
6	4	6	7	77Sp0 10uM
6	4	6	8	134Sp0 10uM
6	4	6	9	229Sp8 10uM
6	4	7	1	32Sp8 10uM
6	4	7	2	43Sp8 10uM
6	4	7	3	0
6	4	7	4	32Sp8 10uM
6	4	7	5	43Sp8 10uM
6	4	7	6	0
6	4	7	7	32Sp8 10uM
6	4	7	8	43Sp8 10uM
6	4	7	9	0
6	4	8	1	158Sp8 10uM
6	4	8	2	bio
6	4	8	3	269Sp0 10uM
6	4	8	4	158Sp8 10uM
6	4	8	5	bio
6	4	8	6	269Sp0 10uM
6	4	8	7	158Sp8 10uM
6	4	8	8	bio
6	4	8	9	269Sp0 10uM
6	4	9	1	66Sp0 10uM
6	4	9	2	0
6	4	9	3	205N 10uM
6	4	9	4	66Sp0 10uM
6	4	9	5	0
6	4	9	6	205N 10uM
6	4	9	7	66Sp0 10uM
6	4	9	8	0
6	4	9	9	205N 10uM
6	4	10	1	21Sp8 10uM
6	4	10	2	299Sp0 10uM
6	4	10	3	0
6	4	10	4	21Sp8 10uM
6	4	10	5	299Sp0 10uM
6	4	10	6	0
6	4	10	7	21Sp8 10uM
6	4	10	8	299Sp0 10uM
6	4	10	9	0
6	4	11	1	146Sp0 10uM
6	4	11	2	243Sp8 10uM
6	4	11	3	257Sp0 10uM
6	4	11	4	146Sp0 10uM
6	4	11	5	243Sp8 10uM
6	4	11	6	257Sp0 10uM
6	4	11	7	146Sp0 10uM
6	4	11	8	243Sp8 10uM
6	4	11	9	257Sp0 10uM
6	4	12	1	56Sp8 10uM
6	4	12	2	0
6	4	12	3	187Sp8 10uM
6	4	12	4	56Sp8 10uM
6	4	12	5	0
6	4	12	6	187Sp8 10uM
6	4	12	7	56Sp8 10uM
6	4	12	8	0
6	4	12	9	187Sp8 10uM
6	4	13	1	11Sp9 10uM
6	4	13	2	282Sp0 10uM
6	4	13	3	169Sp8 10uM
6	4	13	4	11Sp9 10uM
6	4	13	5	282Sp0 10uM
6	4	13	6	169Sp8 10uM
6	4	13	7	11Sp9 10uM
6	4	13	8	282Sp0 10uM
6	4	13	9	169Sp8 10uM
6	4	14	1	134Sp0 10uM
6	4	14	2	229Sp8 10uM
6	4	14	3	77Sp0 10uM
6	4	14	4	134Sp0 10uM
6	4	14	5	229Sp8 10uM
6	4	14	6	77Sp0 10uM
6	4	14	7	134Sp0 10uM
6	4	14	8	229Sp8 10uM
6	4	14	9	77Sp0 10uM
6	4	15	1	43Sp8 10uM
6	4	15	2	0
6	4	15	3	32Sp8 10uM
6	4	15	4	43Sp8 10uM
6	4	15	5	0
6	4	15	6	32Sp8 10uM
6	4	15	7	43Sp8 10uM
6	4	15	8	0
6	4	15	9	32Sp8 10uM
6	4	16	1	bio
6	4	16	2	269Sp0 10uM
6	4	16	3	158Sp8 10uM
6	4	16	4	bio
6	4	16	5	269Sp0 10uM
6	4	16	6	158Sp8 10uM
6	4	16	7	bio
6	4	16	8	269Sp0 10uM
6	4	16	9	158Sp8 10uM
7	1	1	1	199Sp9 100uM
7	1	1	2	64Sp0 100uM
7	1	1	3	348Sp20 100uM
7	1	1	4	199Sp9 100uM
7	1	1	5	64Sp0 100uM
7	1	1	6	348Sp20 100uM
7	1	1	7	199Sp9 100uM
7	1	1	8	64Sp0 100uM
7	1	1	9	348Sp20 100uM
7	1	2	1	312Sp8 100uM
7	1	2	2	19Sp0 100uM
7	1	2	3	296T 100uM
7	1	2	4	312Sp8 100uM
7	1	2	5	19Sp0 100uM
7	1	2	6	296T 100uM
7	1	2	7	312Sp8 100uM
7	1	2	8	19Sp0 100uM
7	1	2	9	296T 100uM
7	1	3	1	254Sp8 100uM
7	1	3	2	105Sp0 100uM
7	1	3	3	237Sp8 100uM
7	1	3	4	254Sp8 100uM
7	1	3	5	105Sp0 100uM
7	1	3	6	237Sp8 100uM
7	1	3	7	254Sp8 100uM
7	1	3	8	105Sp0 100uM
7	1	3	9	237Sp8 100uM
7	1	4	1	184Sp8 100uM
7	1	4	2	52Sp9 100uM
7	1	4	3	336Sp12 100uM
7	1	4	4	184Sp8 100uM
7	1	4	5	52Sp9 100uM
7	1	4	6	336Sp12 100uM
7	1	4	7	184Sp8 100uM
7	1	4	8	52Sp9 100uM
7	1	4	9	336Sp12 100uM
7	1	5	1	131Sp8 100uM
7	1	5	2	9Sp8 100uM
7	1	5	3	278Sp8 100uM
7	1	5	4	131Sp8 100uM
7	1	5	5	9Sp8 100uM
7	1	5	6	278Sp8 100uM
7	1	5	7	131Sp8 100uM
7	1	5	8	9Sp8 100uM
7	1	5	9	278Sp8 100uM
7	1	6	1	74Sp0 100uM
7	1	6	2	93Sp8 100uM
7	1	6	3	224Sp0 100uM
7	1	6	4	74Sp0 100uM
7	1	6	5	93Sp8 100uM
7	1	6	6	224Sp0 100uM
7	1	6	7	74Sp0 100uM
7	1	6	8	93Sp8 100uM
7	1	6	9	224Sp0 100uM
7	1	7	1	30Sp8 100uM
7	1	7	2	40Sp8 100uM
7	1	7	3	324Sp10 100uM
7	1	7	4	30Sp8 100uM
7	1	7	5	40Sp8 100uM
7	1	7	6	324Sp10 100uM
7	1	7	7	30Sp8 100uM
7	1	7	8	40Sp8 100uM
7	1	7	9	324Sp10 100uM
7	1	8	1	115Sp8 100uM
7	1	8	2	bio
7	1	8	3	267Sp8 100uM
7	1	8	4	115Sp8 100uM
7	1	8	5	bio
7	1	8	6	267Sp8 100uM
7	1	8	7	115Sp8 100uM
7	1	8	8	bio
7	1	8	9	267Sp8 100uM
7	1	9	1	64Sp0 100uM
7	1	9	2	348Sp20 100uM
7	1	9	3	199Sp9 100uM
7	1	9	4	64Sp0 100uM
7	1	9	5	348Sp20 100uM
7	1	9	6	199Sp9 100uM
7	1	9	7	64Sp0 100uM
7	1	9	8	348Sp20 100uM
7	1	9	9	199Sp9 100uM
7	1	10	1	19Sp0 100uM
7	1	10	2	296T 100uM
7	1	10	3	312Sp8 100uM
7	1	10	4	19Sp0 100uM
7	1	10	5	296T 100uM
7	1	10	6	312Sp8 100uM
7	1	10	7	19Sp0 100uM
7	1	10	8	296T 100uM
7	1	10	9	312Sp8 100uM
7	1	11	1	105Sp0 100uM
7	1	11	2	237Sp8 100uM
7	1	11	3	254Sp8 100uM
7	1	11	4	105Sp0 100uM
7	1	11	5	237Sp8 100uM
7	1	11	6	254Sp8 100uM
7	1	11	7	105Sp0 100uM
7	1	11	8	237Sp8 100uM
7	1	11	9	254Sp8 100uM
7	1	12	1	52Sp9 100uM
7	1	12	2	336Sp12 100uM
7	1	12	3	184Sp8 100uM
7	1	12	4	52Sp9 100uM
7	1	12	5	336Sp12 100uM
7	1	12	6	184Sp8 100uM
7	1	12	7	52Sp9 100uM
7	1	12	8	336Sp12 100uM
7	1	12	9	184Sp8 100uM
7	1	13	1	9Sp8 100uM
7	1	13	2	278Sp8 100uM
7	1	13	3	131Sp8 100uM
7	1	13	4	9Sp8 100uM
7	1	13	5	278Sp8 100uM
7	1	13	6	131Sp8 100uM
7	1	13	7	9Sp8 100uM
7	1	13	8	278Sp8 100uM
7	1	13	9	131Sp8 100uM
7	1	14	1	93Sp8 100uM
7	1	14	2	224Sp0 100uM
7	1	14	3	74Sp0 100uM
7	1	14	4	93Sp8 100uM
7	1	14	5	224Sp0 100uM
7	1	14	6	74Sp0 100uM
7	1	14	7	93Sp8 100uM
7	1	14	8	224Sp0 100uM
7	1	14	9	74Sp0 100uM
7	1	15	1	40Sp8 100uM
7	1	15	2	324Sp10 100uM
7	1	15	3	30Sp8 100uM
7	1	15	4	40Sp8 100uM
7	1	15	5	324Sp10 100uM
7	1	15	6	30Sp8 100uM
7	1	15	7	40Sp8 100uM
7	1	15	8	324Sp10 100uM
7	1	15	9	30Sp8 100uM
7	1	16	1	bio
7	1	16	2	267Sp8 100uM
7	1	16	3	115Sp8 100uM
7	1	16	4	bio
7	1	16	5	267Sp8 100uM
7	1	16	6	115Sp8 100uM
7	1	16	7	bio
7	1	16	8	267Sp8 100uM
7	1	16	9	115Sp8 100uM
7	2	1	1	200Sp9 100uM
7	2	1	2	64Sp8 100uM
7	2	1	3	349Sp21 100uM
7	2	1	4	200Sp9 100uM
7	2	1	5	64Sp8 100uM
7	2	1	6	349Sp21 100uM
7	2	1	7	200Sp9 100uM
7	2	1	8	64Sp8 100uM
7	2	1	9	349Sp21 100uM
7	2	2	1	313Sp12 100uM
7	2	2	2	19Sp8 100uM
7	2	2	3	297Sp0 100uM
7	2	2	4	313Sp12 100uM
7	2	2	5	19Sp8 100uM
7	2	2	6	297Sp0 100uM
7	2	2	7	313Sp12 100uM
7	2	2	8	19Sp8 100uM
7	2	2	9	297Sp0 100uM
7	2	3	1	255Sp8 100uM
7	2	3	2	106Sp8 100uM
7	2	3	3	238Sp0 100uM
7	2	3	4	255Sp8 100uM
7	2	3	5	106Sp8 100uM
7	2	3	6	238Sp0 100uM
7	2	3	7	255Sp8 100uM
7	2	3	8	106Sp8 100uM
7	2	3	9	238Sp0 100uM
7	2	4	1	185Sp8 100uM
7	2	4	2	53Sp9 100uM
7	2	4	3	337Sp12 100uM
7	2	4	4	185Sp8 100uM
7	2	4	5	53Sp9 100uM
7	2	4	6	337Sp12 100uM
7	2	4	7	185Sp8 100uM
7	2	4	8	53Sp9 100uM
7	2	4	9	337Sp12 100uM
7	2	5	1	132Sp0 100uM
7	2	5	2	10Sp8 100uM
7	2	5	3	280Sp0 100uM
7	2	5	4	132Sp0 100uM
7	2	5	5	10Sp8 100uM
7	2	5	6	280Sp0 100uM
7	2	5	7	132Sp0 100uM
7	2	5	8	10Sp8 100uM
7	2	5	9	280Sp0 100uM
7	2	6	1	75Sp0 100uM
7	2	6	2	94Sp0 100uM
7	2	6	3	225Sp0 100uM
7	2	6	4	75Sp0 100uM
7	2	6	5	94Sp0 100uM
7	2	6	6	225Sp0 100uM
7	2	6	7	75Sp0 100uM
7	2	6	8	94Sp0 100uM
7	2	6	9	225Sp0 100uM
7	2	7	1	31Sp8 100uM
7	2	7	2	41Sp8 100uM
7	2	7	3	325Sp10 100uM
7	2	7	4	31Sp8 100uM
7	2	7	5	41Sp8 100uM
7	2	7	6	325Sp10 100uM
7	2	7	7	31Sp8 100uM
7	2	7	8	41Sp8 100uM
7	2	7	9	325Sp10 100uM
7	2	8	1	116Sp8 100uM
7	2	8	2	bio
7	2	8	3	268Sp0 100uM
7	2	8	4	116Sp8 100uM
7	2	8	5	bio
7	2	8	6	268Sp0 100uM
7	2	8	7	116Sp8 100uM
7	2	8	8	bio
7	2	8	9	268Sp0 100uM
7	2	9	1	64Sp8 100uM
7	2	9	2	349Sp21 100uM
7	2	9	3	200Sp9 100uM
7	2	9	4	64Sp8 100uM
7	2	9	5	349Sp21 100uM
7	2	9	6	200Sp9 100uM
7	2	9	7	64Sp8 100uM
7	2	9	8	349Sp21 100uM
7	2	9	9	200Sp9 100uM
7	2	10	1	19Sp8 100uM
7	2	10	2	297Sp0 100uM
7	2	10	3	313Sp12 100uM
7	2	10	4	19Sp8 100uM
7	2	10	5	297Sp0 100uM
7	2	10	6	313Sp12 100uM
7	2	10	7	19Sp8 100uM
7	2	10	8	297Sp0 100uM
7	2	10	9	313Sp12 100uM
7	2	11	1	106Sp8 100uM
7	2	11	2	238Sp0 100uM
7	2	11	3	255Sp8 100uM
7	2	11	4	106Sp8 100uM
7	2	11	5	238Sp0 100uM
7	2	11	6	255Sp8 100uM
7	2	11	7	106Sp8 100uM
7	2	11	8	238Sp0 100uM
7	2	11	9	255Sp8 100uM
7	2	12	1	53Sp9 100uM
7	2	12	2	337Sp12 100uM
7	2	12	3	185Sp8 100uM
7	2	12	4	53Sp9 100uM
7	2	12	5	337Sp12 100uM
7	2	12	6	185Sp8 100uM
7	2	12	7	53Sp9 100uM
7	2	12	8	337Sp12 100uM
7	2	12	9	185Sp8 100uM
7	2	13	1	10Sp8 100uM
7	2	13	2	280Sp0 100uM
7	2	13	3	132Sp0 100uM
7	2	13	4	10Sp8 100uM
7	2	13	5	280Sp0 100uM
7	2	13	6	132Sp0 100uM
7	2	13	7	10Sp8 100uM
7	2	13	8	280Sp0 100uM
7	2	13	9	132Sp0 100uM
7	2	14	1	94Sp0 100uM
7	2	14	2	225Sp0 100uM
7	2	14	3	75Sp0 100uM
7	2	14	4	94Sp0 100uM
7	2	14	5	225Sp0 100uM
7	2	14	6	75Sp0 100uM
7	2	14	7	94Sp0 100uM
7	2	14	8	225Sp0 100uM
7	2	14	9	75Sp0 100uM
7	2	15	1	41Sp8 100uM
7	2	15	2	325Sp10 100uM
7	2	15	3	31Sp8 100uM
7	2	15	4	41Sp8 100uM
7	2	15	5	325Sp10 100uM
7	2	15	6	31Sp8 100uM
7	2	15	7	41Sp8 100uM
7	2	15	8	325Sp10 100uM
7	2	15	9	31Sp8 100uM
7	2	16	1	bio
7	2	16	2	268Sp0 100uM
7	2	16	3	116Sp8 100uM
7	2	16	4	bio
7	2	16	5	268Sp0 100uM
7	2	16	6	116Sp8 100uM
7	2	16	7	bio
7	2	16	8	268Sp0 100uM
7	2	16	9	116Sp8 100uM
7	3	1	1	199Sp9 10uM
7	3	1	2	64Sp0 10uM
7	3	1	3	348Sp20 10uM
7	3	1	4	199Sp9 10uM
7	3	1	5	64Sp0 10uM
7	3	1	6	348Sp20 10uM
7	3	1	7	199Sp9 10uM
7	3	1	8	64Sp0 10uM
7	3	1	9	348Sp20 10uM
7	3	2	1	312Sp8 10uM
7	3	2	2	19Sp0 10uM
7	3	2	3	296T 10uM
7	3	2	4	312Sp8 10uM
7	3	2	5	19Sp0 10uM
7	3	2	6	296T 10uM
7	3	2	7	312Sp8 10uM
7	3	2	8	19Sp0 10uM
7	3	2	9	296T 10uM
7	3	3	1	254Sp8 10uM
7	3	3	2	105Sp0 10uM
7	3	3	3	237Sp8 10uM
7	3	3	4	254Sp8 10uM
7	3	3	5	105Sp0 10uM
7	3	3	6	237Sp8 10uM
7	3	3	7	254Sp8 10uM
7	3	3	8	105Sp0 10uM
7	3	3	9	237Sp8 10uM
7	3	4	1	184Sp8 10uM
7	3	4	2	52Sp9 10uM
7	3	4	3	336Sp12 10uM
7	3	4	4	184Sp8 10uM
7	3	4	5	52Sp9 10uM
7	3	4	6	336Sp12 10uM
7	3	4	7	184Sp8 10uM
7	3	4	8	52Sp9 10uM
7	3	4	9	336Sp12 10uM
7	3	5	1	131Sp8 10uM
7	3	5	2	9Sp8 10uM
7	3	5	3	278Sp8 10uM
7	3	5	4	131Sp8 10uM
7	3	5	5	9Sp8 10uM
7	3	5	6	278Sp8 10uM
7	3	5	7	131Sp8 10uM
7	3	5	8	9Sp8 10uM
7	3	5	9	278Sp8 10uM
7	3	6	1	74Sp0 10uM
7	3	6	2	93Sp8 10uM
7	3	6	3	224Sp0 10uM
7	3	6	4	74Sp0 10uM
7	3	6	5	93Sp8 10uM
7	3	6	6	224Sp0 10uM
7	3	6	7	74Sp0 10uM
7	3	6	8	93Sp8 10uM
7	3	6	9	224Sp0 10uM
7	3	7	1	30Sp8 10uM
7	3	7	2	40Sp8 10uM
7	3	7	3	324Sp10 10uM
7	3	7	4	30Sp8 10uM
7	3	7	5	40Sp8 10uM
7	3	7	6	324Sp10 10uM
7	3	7	7	30Sp8 10uM
7	3	7	8	40Sp8 10uM
7	3	7	9	324Sp10 10uM
7	3	8	1	115Sp8 10uM
7	3	8	2	bio
7	3	8	3	267Sp8 10uM
7	3	8	4	115Sp8 10uM
7	3	8	5	bio
7	3	8	6	267Sp8 10uM
7	3	8	7	115Sp8 10uM
7	3	8	8	bio
7	3	8	9	267Sp8 10uM
7	3	9	1	64Sp0 10uM
7	3	9	2	348Sp20 10uM
7	3	9	3	199Sp9 10uM
7	3	9	4	64Sp0 10uM
7	3	9	5	348Sp20 10uM
7	3	9	6	199Sp9 10uM
7	3	9	7	64Sp0 10uM
7	3	9	8	348Sp20 10uM
7	3	9	9	199Sp9 10uM
7	3	10	1	19Sp0 10uM
7	3	10	2	296T 10uM
7	3	10	3	312Sp8 10uM
7	3	10	4	19Sp0 10uM
7	3	10	5	296T 10uM
7	3	10	6	312Sp8 10uM
7	3	10	7	19Sp0 10uM
7	3	10	8	296T 10uM
7	3	10	9	312Sp8 10uM
7	3	11	1	105Sp0 10uM
7	3	11	2	237Sp8 10uM
7	3	11	3	254Sp8 10uM
7	3	11	4	105Sp0 10uM
7	3	11	5	237Sp8 10uM
7	3	11	6	254Sp8 10uM
7	3	11	7	105Sp0 10uM
7	3	11	8	237Sp8 10uM
7	3	11	9	254Sp8 10uM
7	3	12	1	52Sp9 10uM
7	3	12	2	336Sp12 10uM
7	3	12	3	184Sp8 10uM
7	3	12	4	52Sp9 10uM
7	3	12	5	336Sp12 10uM
7	3	12	6	184Sp8 10uM
7	3	12	7	52Sp9 10uM
7	3	12	8	336Sp12 10uM
7	3	12	9	184Sp8 10uM
7	3	13	1	9Sp8 10uM
7	3	13	2	278Sp8 10uM
7	3	13	3	131Sp8 10uM
7	3	13	4	9Sp8 10uM
7	3	13	5	278Sp8 10uM
7	3	13	6	131Sp8 10uM
7	3	13	7	9Sp8 10uM
7	3	13	8	278Sp8 10uM
7	3	13	9	131Sp8 10uM
7	3	14	1	93Sp8 10uM
7	3	14	2	224Sp0 10uM
7	3	14	3	74Sp0 10uM
7	3	14	4	93Sp8 10uM
7	3	14	5	224Sp0 10uM
7	3	14	6	74Sp0 10uM
7	3	14	7	93Sp8 10uM
7	3	14	8	224Sp0 10uM
7	3	14	9	74Sp0 10uM
7	3	15	1	40Sp8 10uM
7	3	15	2	324Sp10 10uM
7	3	15	3	30Sp8 10uM
7	3	15	4	40Sp8 10uM
7	3	15	5	324Sp10 10uM
7	3	15	6	30Sp8 10uM
7	3	15	7	40Sp8 10uM
7	3	15	8	324Sp10 10uM
7	3	15	9	30Sp8 10uM
7	3	16	1	bio
7	3	16	2	267Sp8 10uM
7	3	16	3	115Sp8 10uM
7	3	16	4	bio
7	3	16	5	267Sp8 10uM
7	3	16	6	115Sp8 10uM
7	3	16	7	bio
7	3	16	8	267Sp8 10uM
7	3	16	9	115Sp8 10uM
7	4	1	1	200Sp9 10uM
7	4	1	2	64Sp8 10uM
7	4	1	3	349Sp21 10uM
7	4	1	4	200Sp9 10uM
7	4	1	5	64Sp8 10uM
7	4	1	6	349Sp21 10uM
7	4	1	7	200Sp9 10uM
7	4	1	8	64Sp8 10uM
7	4	1	9	349Sp21 10uM
7	4	2	1	313Sp12 10uM
7	4	2	2	19Sp8 10uM
7	4	2	3	297Sp0 10uM
7	4	2	4	313Sp12 10uM
7	4	2	5	19Sp8 10uM
7	4	2	6	297Sp0 10uM
7	4	2	7	313Sp12 10uM
7	4	2	8	19Sp8 10uM
7	4	2	9	297Sp0 10uM
7	4	3	1	255Sp8 10uM
7	4	3	2	106Sp8 10uM
7	4	3	3	238Sp0 10uM
7	4	3	4	255Sp8 10uM
7	4	3	5	106Sp8 10uM
7	4	3	6	238Sp0 10uM
7	4	3	7	255Sp8 10uM
7	4	3	8	106Sp8 10uM
7	4	3	9	238Sp0 10uM
7	4	4	1	185Sp8 10uM
7	4	4	2	53Sp9 10uM
7	4	4	3	337Sp12 10uM
7	4	4	4	185Sp8 10uM
7	4	4	5	53Sp9 10uM
7	4	4	6	337Sp12 10uM
7	4	4	7	185Sp8 10uM
7	4	4	8	53Sp9 10uM
7	4	4	9	337Sp12 10uM
7	4	5	1	132Sp0 10uM
7	4	5	2	10Sp8 10uM
7	4	5	3	280Sp0 10uM
7	4	5	4	132Sp0 10uM
7	4	5	5	10Sp8 10uM
7	4	5	6	280Sp0 10uM
7	4	5	7	132Sp0 10uM
7	4	5	8	10Sp8 10uM
7	4	5	9	280Sp0 10uM
7	4	6	1	75Sp0 10uM
7	4	6	2	94Sp0 10uM
7	4	6	3	225Sp0 10uM
7	4	6	4	75Sp0 10uM
7	4	6	5	94Sp0 10uM
7	4	6	6	225Sp0 10uM
7	4	6	7	75Sp0 10uM
7	4	6	8	94Sp0 10uM
7	4	6	9	225Sp0 10uM
7	4	7	1	31Sp8 10uM
7	4	7	2	41Sp8 10uM
7	4	7	3	325Sp10 10uM
7	4	7	4	31Sp8 10uM
7	4	7	5	41Sp8 10uM
7	4	7	6	325Sp10 10uM
7	4	7	7	31Sp8 10uM
7	4	7	8	41Sp8 10uM
7	4	7	9	325Sp10 10uM
7	4	8	1	116Sp8 10uM
7	4	8	2	bio
7	4	8	3	268Sp0 10uM
7	4	8	4	116Sp8 10uM
7	4	8	5	bio
7	4	8	6	268Sp0 10uM
7	4	8	7	116Sp8 10uM
7	4	8	8	bio
7	4	8	9	268Sp0 10uM
7	4	9	1	64Sp8 10uM
7	4	9	2	349Sp21 10uM
7	4	9	3	200Sp9 10uM
7	4	9	4	64Sp8 10uM
7	4	9	5	349Sp21 10uM
7	4	9	6	200Sp9 10uM
7	4	9	7	64Sp8 10uM
7	4	9	8	349Sp21 10uM
7	4	9	9	200Sp9 10uM
7	4	10	1	19Sp8 10uM
7	4	10	2	297Sp0 10uM
7	4	10	3	313Sp12 10uM
7	4	10	4	19Sp8 10uM
7	4	10	5	297Sp0 10uM
7	4	10	6	313Sp12 10uM
7	4	10	7	19Sp8 10uM
7	4	10	8	297Sp0 10uM
7	4	10	9	313Sp12 10uM
7	4	11	1	106Sp8 10uM
7	4	11	2	238Sp0 10uM
7	4	11	3	255Sp8 10uM
7	4	11	4	106Sp8 10uM
7	4	11	5	238Sp0 10uM
7	4	11	6	255Sp8 10uM
7	4	11	7	106Sp8 10uM
7	4	11	8	238Sp0 10uM
7	4	11	9	255Sp8 10uM
7	4	12	1	53Sp9 10uM
7	4	12	2	337Sp12 10uM
7	4	12	3	185Sp8 10uM
7	4	12	4	53Sp9 10uM
7	4	12	5	337Sp12 10uM
7	4	12	6	185Sp8 10uM
7	4	12	7	53Sp9 10uM
7	4	12	8	337Sp12 10uM
7	4	12	9	185Sp8 10uM
7	4	13	1	10Sp8 10uM
7	4	13	2	280Sp0 10uM
7	4	13	3	132Sp0 10uM
7	4	13	4	10Sp8 10uM
7	4	13	5	280Sp0 10uM
7	4	13	6	132Sp0 10uM
7	4	13	7	10Sp8 10uM
7	4	13	8	280Sp0 10uM
7	4	13	9	132Sp0 10uM
7	4	14	1	94Sp0 10uM
7	4	14	2	225Sp0 10uM
7	4	14	3	75Sp0 10uM
7	4	14	4	94Sp0 10uM
7	4	14	5	225Sp0 10uM
7	4	14	6	75Sp0 10uM
7	4	14	7	94Sp0 10uM
7	4	14	8	225Sp0 10uM
7	4	14	9	75Sp0 10uM
7	4	15	1	41Sp8 10uM
7	4	15	2	325Sp10 10uM
7	4	15	3	31Sp8 10uM
7	4	15	4	41Sp8 10uM
7	4	15	5	325Sp10 10uM
7	4	15	6	31Sp8 10uM
7	4	15	7	41Sp8 10uM
7	4	15	8	325Sp10 10uM
7	4	15	9	31Sp8 10uM
7	4	16	1	bio
7	4	16	2	268Sp0 10uM
7	4	16	3	116Sp8 10uM
7	4	16	4	bio
7	4	16	5	268Sp0 10uM
7	4	16	6	116Sp8 10uM
7	4	16	7	bio
7	4	16	8	268Sp0 10uM
7	4	16	9	116Sp8 10uM
8	1	1	1	197N 100uM
8	1	1	2	61Sp0 100uM
8	1	1	3	346Sp12 100uM
8	1	1	4	197N 100uM
8	1	1	5	61Sp0 100uM
8	1	1	6	346Sp12 100uM
8	1	1	7	197N 100uM
8	1	1	8	61Sp0 100uM
8	1	1	9	346Sp12 100uM
8	1	2	1	310Sp16 100uM
8	1	2	2	17Sp8 100uM
8	1	2	3	294T 100uM
8	1	2	4	310Sp16 100uM
8	1	2	5	17Sp8 100uM
8	1	2	6	294T 100uM
8	1	2	7	310Sp16 100uM
8	1	2	8	17Sp8 100uM
8	1	2	9	294T 100uM
8	1	3	1	253Sp0 100uM
8	1	3	2	103Sp0 100uM
8	1	3	3	235Sp0 100uM
8	1	3	4	253Sp0 100uM
8	1	3	5	103Sp0 100uM
8	1	3	6	235Sp0 100uM
8	1	3	7	253Sp0 100uM
8	1	3	8	103Sp0 100uM
8	1	3	9	235Sp0 100uM
8	1	4	1	182Sp8 100uM
8	1	4	2	51Sp8 100uM
8	1	4	3	334Sp14 100uM
8	1	4	4	182Sp8 100uM
8	1	4	5	51Sp8 100uM
8	1	4	6	334Sp14 100uM
8	1	4	7	182Sp8 100uM
8	1	4	8	51Sp8 100uM
8	1	4	9	334Sp14 100uM
8	1	5	1	129Sp0 100uM
8	1	5	2	7Sp8 100uM
8	1	5	3	275Sp0 100uM
8	1	5	4	129Sp0 100uM
8	1	5	5	7Sp8 100uM
8	1	5	6	275Sp0 100uM
8	1	5	7	129Sp0 100uM
8	1	5	8	7Sp8 100uM
8	1	5	9	275Sp0 100uM
8	1	6	1	72Sp8 100uM
8	1	6	2	92Sp0 100uM
8	1	6	3	221Sp0 100uM
8	1	6	4	72Sp8 100uM
8	1	6	5	92Sp0 100uM
8	1	6	6	221Sp0 100uM
8	1	6	7	72Sp8 100uM
8	1	6	8	92Sp0 100uM
8	1	6	9	221Sp0 100uM
8	1	7	1	27Sp8 100uM
8	1	7	2	39Sp8 100uM
8	1	7	3	322Sp12 100uM
8	1	7	4	27Sp8 100uM
8	1	7	5	39Sp8 100uM
8	1	7	6	322Sp12 100uM
8	1	7	7	27Sp8 100uM
8	1	7	8	39Sp8 100uM
8	1	7	9	322Sp12 100uM
8	1	8	1	114Sp0 100uM
8	1	8	2	bio
8	1	8	3	263Sp8 100uM
8	1	8	4	114Sp0 100uM
8	1	8	5	bio
8	1	8	6	263Sp8 100uM
8	1	8	7	114Sp0 100uM
8	1	8	8	bio
8	1	8	9	263Sp8 100uM
8	1	9	1	61Sp0 100uM
8	1	9	2	346Sp12 100uM
8	1	9	3	197N 100uM
8	1	9	4	61Sp0 100uM
8	1	9	5	346Sp12 100uM
8	1	9	6	197N 100uM
8	1	9	7	61Sp0 100uM
8	1	9	8	346Sp12 100uM
8	1	9	9	197N 100uM
8	1	10	1	17Sp8 100uM
8	1	10	2	294T 100uM
8	1	10	3	310Sp16 100uM
8	1	10	4	17Sp8 100uM
8	1	10	5	294T 100uM
8	1	10	6	310Sp16 100uM
8	1	10	7	17Sp8 100uM
8	1	10	8	294T 100uM
8	1	10	9	310Sp16 100uM
8	1	11	1	103Sp0 100uM
8	1	11	2	235Sp0 100uM
8	1	11	3	253Sp0 100uM
8	1	11	4	103Sp0 100uM
8	1	11	5	235Sp0 100uM
8	1	11	6	253Sp0 100uM
8	1	11	7	103Sp0 100uM
8	1	11	8	235Sp0 100uM
8	1	11	9	253Sp0 100uM
8	1	12	1	51Sp8 100uM
8	1	12	2	334Sp14 100uM
8	1	12	3	182Sp8 100uM
8	1	12	4	51Sp8 100uM
8	1	12	5	334Sp14 100uM
8	1	12	6	182Sp8 100uM
8	1	12	7	51Sp8 100uM
8	1	12	8	334Sp14 100uM
8	1	12	9	182Sp8 100uM
8	1	13	1	7Sp8 100uM
8	1	13	2	275Sp0 100uM
8	1	13	3	129Sp0 100uM
8	1	13	4	7Sp8 100uM
8	1	13	5	275Sp0 100uM
8	1	13	6	129Sp0 100uM
8	1	13	7	7Sp8 100uM
8	1	13	8	275Sp0 100uM
8	1	13	9	129Sp0 100uM
8	1	14	1	92Sp0 100uM
8	1	14	2	221Sp0 100uM
8	1	14	3	72Sp8 100uM
8	1	14	4	92Sp0 100uM
8	1	14	5	221Sp0 100uM
8	1	14	6	72Sp8 100uM
8	1	14	7	92Sp0 100uM
8	1	14	8	221Sp0 100uM
8	1	14	9	72Sp8 100uM
8	1	15	1	39Sp8 100uM
8	1	15	2	322Sp12 100uM
8	1	15	3	27Sp8 100uM
8	1	15	4	39Sp8 100uM
8	1	15	5	322Sp12 100uM
8	1	15	6	27Sp8 100uM
8	1	15	7	39Sp8 100uM
8	1	15	8	322Sp12 100uM
8	1	15	9	27Sp8 100uM
8	1	16	1	bio
8	1	16	2	263Sp8 100uM
8	1	16	3	114Sp0 100uM
8	1	16	4	bio
8	1	16	5	263Sp8 100uM
8	1	16	6	114Sp0 100uM
8	1	16	7	bio
8	1	16	8	263Sp8 100uM
8	1	16	9	114Sp0 100uM
8	2	1	1	198N 100uM
8	2	1	2	62Sp0 100uM
8	2	1	3	347Sp20 100uM
8	2	1	4	198N 100uM
8	2	1	5	62Sp0 100uM
8	2	1	6	347Sp20 100uM
8	2	1	7	198N 100uM
8	2	1	8	62Sp0 100uM
8	2	1	9	347Sp20 100uM
8	2	2	1	311Sp14 100uM
8	2	2	2	18Sp8 100uM
8	2	2	3	295T 100uM
8	2	2	4	311Sp14 100uM
8	2	2	5	18Sp8 100uM
8	2	2	6	295T 100uM
8	2	2	7	311Sp14 100uM
8	2	2	8	18Sp8 100uM
8	2	2	9	295T 100uM
8	2	3	1	253Sp8 100uM
8	2	3	2	104Sp8 100uM
8	2	3	3	236Sp8 100uM
8	2	3	4	253Sp8 100uM
8	2	3	5	104Sp8 100uM
8	2	3	6	236Sp8 100uM
8	2	3	7	253Sp8 100uM
8	2	3	8	104Sp8 100uM
8	2	3	9	236Sp8 100uM
8	2	4	1	183 100uM
8	2	4	2	51G 100uM
8	2	4	3	335Sp14 100uM
8	2	4	4	183 100uM
8	2	4	5	51G 100uM
8	2	4	6	335Sp14 100uM
8	2	4	7	183 100uM
8	2	4	8	51G 100uM
8	2	4	9	335Sp14 100uM
8	2	5	1	130Sp8 100uM
8	2	5	2	8Sp8 100uM
8	2	5	3	277Sp8 100uM
8	2	5	4	130Sp8 100uM
8	2	5	5	8Sp8 100uM
8	2	5	6	277Sp8 100uM
8	2	5	7	130Sp8 100uM
8	2	5	8	8Sp8 100uM
8	2	5	9	277Sp8 100uM
8	2	6	1	73Sp8 100uM
8	2	6	2	92Sp8 100uM
8	2	6	3	223Sp0 100uM
8	2	6	4	73Sp8 100uM
8	2	6	5	92Sp8 100uM
8	2	6	6	223Sp0 100uM
8	2	6	7	73Sp8 100uM
8	2	6	8	92Sp8 100uM
8	2	6	9	223Sp0 100uM
8	2	7	1	29Sp8 100uM
8	2	7	2	40Sp0 100uM
8	2	7	3	323Sp12 100uM
8	2	7	4	29Sp8 100uM
8	2	7	5	40Sp0 100uM
8	2	7	6	323Sp12 100uM
8	2	7	7	29Sp8 100uM
8	2	7	8	40Sp0 100uM
8	2	7	9	323Sp12 100uM
8	2	8	1	115Sp0 100uM
8	2	8	2	bio
8	2	8	3	264Sp0 100uM
8	2	8	4	115Sp0 100uM
8	2	8	5	bio
8	2	8	6	264Sp0 100uM
8	2	8	7	115Sp0 100uM
8	2	8	8	bio
8	2	8	9	264Sp0 100uM
8	2	9	1	62Sp0 100uM
8	2	9	2	347Sp20 100uM
8	2	9	3	198N 100uM
8	2	9	4	62Sp0 100uM
8	2	9	5	347Sp20 100uM
8	2	9	6	198N 100uM
8	2	9	7	62Sp0 100uM
8	2	9	8	347Sp20 100uM
8	2	9	9	198N 100uM
8	2	10	1	18Sp8 100uM
8	2	10	2	295T 100uM
8	2	10	3	311Sp14 100uM
8	2	10	4	18Sp8 100uM
8	2	10	5	295T 100uM
8	2	10	6	311Sp14 100uM
8	2	10	7	18Sp8 100uM
8	2	10	8	295T 100uM
8	2	10	9	311Sp14 100uM
8	2	11	1	104Sp8 100uM
8	2	11	2	236Sp8 100uM
8	2	11	3	253Sp8 100uM
8	2	11	4	104Sp8 100uM
8	2	11	5	236Sp8 100uM
8	2	11	6	253Sp8 100uM
8	2	11	7	104Sp8 100uM
8	2	11	8	236Sp8 100uM
8	2	11	9	253Sp8 100uM
8	2	12	1	51G 100uM
8	2	12	2	335Sp14 100uM
8	2	12	3	183 100uM
8	2	12	4	51G 100uM
8	2	12	5	335Sp14 100uM
8	2	12	6	183 100uM
8	2	12	7	51G 100uM
8	2	12	8	335Sp14 100uM
8	2	12	9	183 100uM
8	2	13	1	8Sp8 100uM
8	2	13	2	277Sp8 100uM
8	2	13	3	130Sp8 100uM
8	2	13	4	8Sp8 100uM
8	2	13	5	277Sp8 100uM
8	2	13	6	130Sp8 100uM
8	2	13	7	8Sp8 100uM
8	2	13	8	277Sp8 100uM
8	2	13	9	130Sp8 100uM
8	2	14	1	92Sp8 100uM
8	2	14	2	223Sp0 100uM
8	2	14	3	73Sp8 100uM
8	2	14	4	92Sp8 100uM
8	2	14	5	223Sp0 100uM
8	2	14	6	73Sp8 100uM
8	2	14	7	92Sp8 100uM
8	2	14	8	223Sp0 100uM
8	2	14	9	73Sp8 100uM
8	2	15	1	40Sp0 100uM 
8	2	15	2	323Sp12 100uM
8	2	15	3	29Sp8 100uM
8	2	15	4	40Sp0 100uM
8	2	15	5	323Sp12 100uM
8	2	15	6	29Sp8 100uM
8	2	15	7	40Sp0 100uM
8	2	15	8	323Sp12 100uM
8	2	15	9	29Sp8 100uM
8	2	16	1	bio
8	2	16	2	264Sp0 100uM
8	2	16	3	115Sp0 100uM
8	2	16	4	bio
8	2	16	5	264Sp0 100uM
8	2	16	6	115Sp0 100uM
8	2	16	7	bio
8	2	16	8	264Sp0 100uM
8	2	16	9	115Sp0 100uM
8	3	1	1	197N 10uM
8	3	1	2	61Sp0 10uM
8	3	1	3	346Sp12 10uM
8	3	1	4	197N 10uM
8	3	1	5	61Sp0 10uM
8	3	1	6	346Sp12 10uM
8	3	1	7	197N 10uM
8	3	1	8	61Sp0 10uM
8	3	1	9	346Sp12 10uM
8	3	2	1	310Sp16 10uM
8	3	2	2	17Sp8 10uM
8	3	2	3	294T 10uM
8	3	2	4	310Sp16 10uM
8	3	2	5	17Sp8 10uM
8	3	2	6	294T 10uM
8	3	2	7	310Sp16 10uM
8	3	2	8	17Sp8 10uM
8	3	2	9	294T 10uM
8	3	3	1	253Sp0 10uM
8	3	3	2	103Sp0 10uM
8	3	3	3	235Sp0 10uM
8	3	3	4	253Sp0 10uM
8	3	3	5	103Sp0 10uM
8	3	3	6	235Sp0 10uM
8	3	3	7	253Sp0 10uM
8	3	3	8	103Sp0 10uM
8	3	3	9	235Sp0 10uM
8	3	4	1	182Sp8 10uM
8	3	4	2	51Sp8 10uM
8	3	4	3	334Sp14 10uM
8	3	4	4	182Sp8 10uM
8	3	4	5	51Sp8 10uM
8	3	4	6	334Sp14 10uM
8	3	4	7	182Sp8 10uM
8	3	4	8	51Sp8 10uM
8	3	4	9	334Sp14 10uM
8	3	5	1	129Sp0 10uM
8	3	5	2	7Sp8 10uM
8	3	5	3	275Sp0 10uM
8	3	5	4	129Sp0 10uM
8	3	5	5	7Sp8 10uM
8	3	5	6	275Sp0 10uM
8	3	5	7	129Sp0 10uM
8	3	5	8	7Sp8 10uM
8	3	5	9	275Sp0 10uM
8	3	6	1	72Sp8 10uM
8	3	6	2	92Sp0 10uM
8	3	6	3	221Sp0 10uM
8	3	6	4	72Sp8 10uM
8	3	6	5	92Sp0 10uM
8	3	6	6	221Sp0 10uM
8	3	6	7	72Sp8 10uM
8	3	6	8	92Sp0 10uM
8	3	6	9	221Sp0 10uM
8	3	7	1	27Sp8 10uM
8	3	7	2	39Sp8 10uM
8	3	7	3	322Sp12 10uM
8	3	7	4	27Sp8 10uM
8	3	7	5	39Sp8 10uM
8	3	7	6	322Sp12 10uM
8	3	7	7	27Sp8 10uM
8	3	7	8	39Sp8 10uM
8	3	7	9	322Sp12 10uM
8	3	8	1	114Sp0 10uM
8	3	8	2	bio
8	3	8	3	263Sp8 10uM
8	3	8	4	114Sp0 10uM
8	3	8	5	bio
8	3	8	6	263Sp8 10uM
8	3	8	7	114Sp0 10uM
8	3	8	8	bio
8	3	8	9	263Sp8 10uM
8	3	9	1	61Sp0 10uM
8	3	9	2	346Sp12 10uM
8	3	9	3	197N 10uM
8	3	9	4	61Sp0 10uM
8	3	9	5	346Sp12 10uM
8	3	9	6	197N 10uM
8	3	9	7	61Sp0 10uM
8	3	9	8	346Sp12 10uM
8	3	9	9	197N 10uM
8	3	10	1	17Sp8 10uM
8	3	10	2	294T 10uM
8	3	10	3	310Sp16 10uM
8	3	10	4	17Sp8 10uM
8	3	10	5	294T 10uM
8	3	10	6	310Sp16 10uM
8	3	10	7	17Sp8 10uM
8	3	10	8	294T 10uM
8	3	10	9	310Sp16 10uM
8	3	11	1	103Sp0 10uM
8	3	11	2	235Sp0 10uM
8	3	11	3	253Sp0 10uM
8	3	11	4	103Sp0 10uM
8	3	11	5	235Sp0 10uM
8	3	11	6	253Sp0 10uM
8	3	11	7	103Sp0 10uM
8	3	11	8	235Sp0 10uM
8	3	11	9	253Sp0 10uM
8	3	12	1	51Sp8 10uM
8	3	12	2	334Sp14 10uM
8	3	12	3	182Sp8 10uM
8	3	12	4	51Sp8 10uM
8	3	12	5	334Sp14 10uM
8	3	12	6	182Sp8 10uM
8	3	12	7	51Sp8 10uM
8	3	12	8	334Sp14 10uM
8	3	12	9	182Sp8 10uM
8	3	13	1	7Sp8 10uM
8	3	13	2	275Sp0 10uM
8	3	13	3	129Sp0 10uM
8	3	13	4	7Sp8 10uM
8	3	13	5	275Sp0 10uM
8	3	13	6	129Sp0 10uM
8	3	13	7	7Sp8 10uM
8	3	13	8	275Sp0 10uM
8	3	13	9	129Sp0 10uM
8	3	14	1	92Sp0 10uM
8	3	14	2	221Sp0 10uM
8	3	14	3	72Sp8 10uM
8	3	14	4	92Sp0 10uM
8	3	14	5	221Sp0 10uM
8	3	14	6	72Sp8 10uM
8	3	14	7	92Sp0 10uM
8	3	14	8	221Sp0 10uM
8	3	14	9	72Sp8 10uM
8	3	15	1	39Sp8 10uM
8	3	15	2	322Sp12 10uM
8	3	15	3	27Sp8 10uM
8	3	15	4	39Sp8 10uM
8	3	15	5	322Sp12 10uM
8	3	15	6	27Sp8 10uM
8	3	15	7	39Sp8 10uM
8	3	15	8	322Sp12 10uM
8	3	15	9	27Sp8 10uM
8	3	16	1	bio
8	3	16	2	263Sp8 10uM
8	3	16	3	114Sp0 10uM
8	3	16	4	bio
8	3	16	5	263Sp8 10uM
8	3	16	6	114Sp0 10uM
8	3	16	7	bio
8	3	16	8	263Sp8 10uM
8	3	16	9	114Sp0 10uM
8	4	1	1	198N 10uM
8	4	1	2	62Sp0 10uM
8	4	1	3	347Sp20 10uM
8	4	1	4	198N 10uM
8	4	1	5	62Sp0 10uM
8	4	1	6	347Sp20 10uM
8	4	1	7	198N 10uM
8	4	1	8	62Sp0 10uM
8	4	1	9	347Sp20 10uM
8	4	2	1	311Sp14 10uM
8	4	2	2	18Sp8 10uM
8	4	2	3	295T 10uM
8	4	2	4	311Sp14 10uM
8	4	2	5	18Sp8 10uM
8	4	2	6	295T 10uM
8	4	2	7	311Sp14 10uM
8	4	2	8	18Sp8 10uM
8	4	2	9	295T 10uM
8	4	3	1	253Sp8 10uM
8	4	3	2	104Sp8 10uM
8	4	3	3	236Sp8 10uM
8	4	3	4	253Sp8 10uM
8	4	3	5	104Sp8 10uM
8	4	3	6	236Sp8 10uM
8	4	3	7	253Sp8 10uM
8	4	3	8	104Sp8 10uM
8	4	3	9	236Sp8 10uM
8	4	4	1	183 10uM
8	4	4	2	51G 10uM
8	4	4	3	335Sp14 10uM
8	4	4	4	183 10uM
8	4	4	5	51G 10uM
8	4	4	6	335Sp14 10uM
8	4	4	7	183 10uM
8	4	4	8	51G 10uM
8	4	4	9	335Sp14 10uM
8	4	5	1	130Sp8 10uM
8	4	5	2	8Sp8 10uM
8	4	5	3	277Sp8 10uM
8	4	5	4	130Sp8 10uM
8	4	5	5	8Sp8 10uM
8	4	5	6	277Sp8 10uM
8	4	5	7	130Sp8 10uM
8	4	5	8	8Sp8 10uM
8	4	5	9	277Sp8 10uM
8	4	6	1	73Sp8 10uM
8	4	6	2	92Sp8 10uM
8	4	6	3	223Sp0 10uM
8	4	6	4	73Sp8 10uM
8	4	6	5	92Sp8 10uM
8	4	6	6	223Sp0 10uM
8	4	6	7	73Sp8 10uM
8	4	6	8	92Sp8 10uM
8	4	6	9	223Sp0 10uM
8	4	7	1	29Sp8 10uM
8	4	7	2	40Sp0 10uM
8	4	7	3	323Sp12 10uM
8	4	7	4	29Sp8 10uM
8	4	7	5	40Sp0 10uM
8	4	7	6	323Sp12 10uM
8	4	7	7	29Sp8 10uM
8	4	7	8	40Sp0 10uM
8	4	7	9	323Sp12 10uM
8	4	8	1	115Sp0 10uM
8	4	8	2	bio
8	4	8	3	264Sp0 10uM
8	4	8	4	115Sp0 10uM
8	4	8	5	bio
8	4	8	6	264Sp0 10uM
8	4	8	7	115Sp0 10uM
8	4	8	8	bio
8	4	8	9	264Sp0 10uM
8	4	9	1	62Sp0 10uM
8	4	9	2	347Sp20 10uM
8	4	9	3	198N 10uM
8	4	9	4	62Sp0 10uM
8	4	9	5	347Sp20 10uM
8	4	9	6	198N 10uM
8	4	9	7	62Sp0 10uM
8	4	9	8	347Sp20 10uM
8	4	9	9	198N 10uM
8	4	10	1	18Sp8 10uM
8	4	10	2	295T 10uM
8	4	10	3	311Sp14 10uM
8	4	10	4	18Sp8 10uM
8	4	10	5	295T 10uM
8	4	10	6	311Sp14 10uM
8	4	10	7	18Sp8 10uM
8	4	10	8	295T 10uM
8	4	10	9	311Sp14 10uM
8	4	11	1	104Sp8 10uM
8	4	11	2	236Sp8 10uM
8	4	11	3	253Sp8 10uM
8	4	11	4	104Sp8 10uM
8	4	11	5	236Sp8 10uM
8	4	11	6	253Sp8 10uM
8	4	11	7	104Sp8 10uM
8	4	11	8	236Sp8 10uM
8	4	11	9	253Sp8 10uM
8	4	12	1	51G 10uM
8	4	12	2	335Sp14 10uM
8	4	12	3	183 10uM
8	4	12	4	51G 10uM
8	4	12	5	335Sp14 10uM
8	4	12	6	183 10uM
8	4	12	7	51G 10uM
8	4	12	8	335Sp14 10uM
8	4	12	9	183 10uM
8	4	13	1	8Sp8 10uM
8	4	13	2	277Sp8 10uM
8	4	13	3	130Sp8 10uM
8	4	13	4	8Sp8 10uM
8	4	13	5	277Sp8 10uM
8	4	13	6	130Sp8 10uM
8	4	13	7	8Sp8 10uM
8	4	13	8	277Sp8 10uM
8	4	13	9	130Sp8 10uM
8	4	14	1	92Sp8 10uM
8	4	14	2	223Sp0 10uM
8	4	14	3	73Sp8 10uM
8	4	14	4	92Sp8 10uM
8	4	14	5	223Sp0 10uM
8	4	14	6	73Sp8 10uM
8	4	14	7	92Sp8 10uM
8	4	14	8	223Sp0 10uM
8	4	14	9	73Sp8 10uM
8	4	15	1	40Sp0 10uM 
8	4	15	2	323Sp12 10uM
8	4	15	3	29Sp8 10uM
8	4	15	4	40Sp0 10uM
8	4	15	5	323Sp12 10uM
8	4	15	6	29Sp8 10uM
8	4	15	7	40Sp0 10uM
8	4	15	8	323Sp12 10uM
8	4	15	9	29Sp8 10uM
8	4	16	1	bio
8	4	16	2	264Sp0 10uM
8	4	16	3	115Sp0 10uM
8	4	16	4	bio
8	4	16	5	264Sp0 10uM
8	4	16	6	115Sp0 10uM
8	4	16	7	bio
8	4	16	8	264Sp0 10uM
8	4	16	9	115Sp0 10uM